Data/ASC_file/zhimenda_DEM.asc
ncols           679
          nrows           333
          xllcorner      90.54720
          yllcorner      32.43537
          cellsize        0.01000
        NODATA_value  -9999.00000
[rows 60 to 89 of 333, columns 66 to 131 of 679]
4862.00 4856.00 4866.00 4843.00 4840.00 4831.00 4831.00 4840.00 4846.00 4849.00 4849.00 4849.00 4843.00 4845.00 4838.00 4838.00 4834.00 4830.00 4826.00 4820.00 4820.00 4814.00 4807.00 4802.00 4802.00 4805.00 4801.00 4797.00 4792.00 4792.00 4796.00 4794.00 4787.70 4787.60 4787.50 4787.40 4787.30 4787.20 4787.10 4787.00 4786.90 4786.80 4786.70 4786.60 4786.50 4786.40 4786.30 4786.20 4803.00 4786.20 4818.00 4849.00 4849.00 4856.00 4831.00 4733.30 4733.30 4754.00 4805.00 4834.00 4785.00 4785.00 4792.00 4760.00 4740.00 4727.00
4897.00 4944.00 4900.00 4863.00 4855.00 4855.00 4840.00 4853.00 4860.00 4849.00 4849.10 4859.00 4853.00 4854.00 4854.00 4847.00 4842.00 4838.00 4830.00 4837.00 4828.00 4820.00 4815.00 4808.00 4807.00 4813.00 4808.00 4804.00 4804.00 4801.00 4799.00 4796.00 4789.00 4789.00 4787.50 4787.40 4787.30 4787.20 4787.10 4787.00 4786.90 4786.80 4786.70 4786.60 4786.50 4786.40 4786.30 4786.20 4786.10 4786.10 4799.00 4799.00 4816.00 4815.00 4812.00 4733.40 4733.40 4755.00 4807.00 4830.00 4830.00 4791.00 4768.00 4751.00 4759.00 4749.00
4895.00 4959.00 4922.00 4876.00 4876.00 4864.00 4845.00 4855.00 4866.00 4866.00 4849.10 4856.00 4858.00 4870.00 4862.00 4856.00 4852.00 4844.00 4844.00 4842.00 4833.00 4826.00 4824.00 4824.00 4817.00 4823.00 4819.00 4819.00 4815.00 4809.00 4805.00 4818.00 4818.00 4800.00 4787.50 4787.40 4787.30 4787.20 4787.10 4787.00 4786.90 4786.80 4786.70 4786.60 4786.50 4786.40 4786.30 4786.20 4786.10 4786.00 4786.00 4756.10 4756.00 4760.00 4755.00 4733.50 4749.00 4779.00 4788.00 4788.00 4786.00 4783.00 4763.00 4763.00 4774.00 4774.00
4929.00 4978.00 4946.00 4918.00 4890.00 4863.00 4850.00 4856.00 4856.00 4869.00 4857.00 4858.00 4866.00 4876.00 4870.00 4866.00 4859.00 4859.00 4851.00 4846.00 4836.00 4832.00 4832.00 4828.00 4835.00 4831.00 4831.00 4830.00 4825.00 4819.00 4816.00 4828.00 4847.00 4816.00 4787.50 4787.40 4787.30 4787.20 4787.10 4787.00 4786.90 4786.80 4786.70 4792.00 4796.00 4789.00 4797.00 4820.00 4841.00 4829.00 4778.00 4762.00 4770.00 4748.10 4748.00 4746.00 4788.00 4833.00 4832.00 4832.00 4807.00 4809.00 4780.00 4790.00 4790.00 4800.00
4964.00 4996.00 4968.00 4961.00 4938.00 4882.00 4859.00 4868.00 4871.00 4886.00 4879.00 4863.00 4863.00 4883.00 4878.00 4873.00 4873.00 4865.00 4857.00 4846.00 4841.00 4841.00 4837.00 4834.00 4842.00 4842.00 4837.00 4834.00 4828.00 4822.00 4822.00 4828.00 4853.00 4825.00 4798.00 4787.40 4787.30 4802.00 4791.00 4791.00 4811.00 4802.00 4810.00 4842.00 4842.00 4825.00 4817.00 4816.00 4816.10 4819.00 4782.00 4788.00 4812.00 4812.00 4790.00 4776.00 4826.00 4903.00 4903.00 4869.00 4846.00 4807.00 4789.00 4789.00 4811.00 4834.00
5035.00 5051.00 5051.00 4989.00 4948.00 4908.00 4908.00 4905.00 4890.00 4901.00 4903.00 4903.00 4884.00 4893.00 4886.00 4886.00 4877.00 4867.00 4856.00 4845.00 4845.00 4843.00 4839.00 4839.00 4846.00 4847.00 4842.00 4838.00 4835.00 4835.00 4830.00 4830.00 4839.00 4843.00 4822.00 4804.00 4823.00 4831.00 4831.00 4867.00 4931.00 4886.00 4843.00 4953.00 4960.00 4888.00 4854.00 4854.00 4837.00 4817.00 4796.00 4779.00 4776.30 4776.20 4776.10 4782.00 4796.00 4796.00 4864.00 4863.00 4831.00 4818.00 4818.00 4794.00 4799.00 4835.00
5064.00 5087.00 5080.00 5013.00 4972.00 4972.00 4928.00 4933.00 4902.00 4928.00 4928.00 4915.00 4891.00 4899.00 4899.00 4890.00 4878.00 4866.00 4857.00 4858.00 4849.00 4842.00 4839.10 4840.00 4848.00 4844.00 4841.00 4839.00 4839.00 4838.00 4834.00 4834.00 4829.00 4829.00 4826.00 4812.00 4858.00 4858.00 4880.00 4918.00 5002.00 4984.00 4984.00 5062.00 5034.00 4974.00 4974.00 4921.00 4854.00 4865.00 4828.00 4792.00 4792.00 4776.20 4776.20 4792.00 4792.00 4794.00 4827.00 4861.00 4835.00 4824.00 4840.00 4837.00 4833.00 4830.00
5025.00 5152.00 5104.00 5060.00 5060.00 5009.00 4996.00 4947.00 4916.00 4916.00 4939.00 4920.00 4904.00 4913.00 4902.00 4890.00 4876.00 4865.00 4865.00 4861.00 4853.00 4846.00 4842.00 4842.00 4857.00 4847.00 4843.00 4843.00 4842.00 4840.00 4837.00 4829.10 4829.00 4826.00 4821.00 4822.00 4814.00 4813.00 4832.00 4875.00 4942.00 4942.00 5024.00 5061.00 5041.00 4998.00 4998.00 4993.00 4920.00 4850.00 4802.00 4802.00 4776.30 4791.00 4814.00 4903.00 4881.00 4833.00 4798.00 4808.00 4808.00 4814.00 4841.00 4871.00 4896.00 4896.00
5075.00 5165.00 5110.00 5115.00 5094.00 5056.00 5005.00 4965.00 4965.00 4948.00 4937.00 4933.00 4927.00 4925.00 4913.00 4898.00 4884.00 4884.00 4886.00 4873.00 4863.00 4853.00 4853.00 4850.00 4861.00 4855.00 4855.00 4851.00 4847.00 4840.00 4835.00 4835.00 4831.00 4825.00 4817.00 4817.00 4804.00 4798.00 4808.00 4838.00 4838.00 4885.00 4947.00 4917.00 4937.00 4921.00 4930.00 4930.00 4894.00 4798.00 4798.00 4776.40 4776.40 4777.00 4833.00 4829.00 4853.00 4826.00 4807.00 4807.00 4807.10 4823.00 4843.00 4871.00 4871.10 4906.00
5095.00 5048.10 5048.00 5024.00 5025.00 5010.00 4985.00 4968.00 4992.00 5009.00 5026.00 5026.00 4971.00 4983.00 4975.00 4975.00 4963.00 4933.00 4922.00 4909.00 4909.00 4923.00 4883.00 4882.00 4899.00 4880.00 4872.00 4864.00 4855.00 4855.00 4851.00 4841.00 4835.00 4828.00 4818.00 4811.00 4810.00 4797.00 4794.00 4794.00 4805.00 4822.00 4836.00 4817.00 4817.00 4817.00 4817.00 4802.00 4780.00 4776.60 4776.50 4776.50 4776.50 4776.50 4776.60 4776.70 4779.00 4779.00 4798.00 4812.00 4832.00 4858.00 4858.00 4900.00 4929.00 4929.00
5062.00 5089.00 5095.00 5036.00 5009.10 5009.00 5007.00 5005.00 5083.00 5104.00 5104.00 5057.00 5026.00 5039.00 5039.00 5007.00 4980.00 4957.00 4942.00 4942.00 4937.00 4964.00 4967.00 4950.00 4900.00 4882.00 4870.00 4862.00 4862.00 4866.00 4861.00 4850.00 4842.00 4842.00 4827.00 4823.00 4826.00 4804.00 4804.00 4790.50 4790.40 4798.00 4809.00 4791.00 4799.00 4792.00 4789.00 4789.00 4776.70 4776.60 4776.60 4776.60 4776.60 4776.60 4776.60 4776.70 4776.80 4778.00 4793.00 4809.00 4852.00 4840.00 4866.00 4921.00 4956.00 4967.00
5078.00 5136.00 5137.00 5059.00 5059.00 5049.00 5021.00 5035.00 5099.00 5099.00 5139.00 5048.00 5083.00 5127.00 5140.00 5101.00 5036.00 4991.00 5063.00 5002.00 4970.00 4950.00 4972.00 4972.00 4900.00 4897.00 4904.00 4904.00 4919.00 4881.00 4888.00 4849.00 4849.00 4836.00 4826.00 4827.00 4820.00 4820.00 4827.00 4797.00 4790.40 4790.30 4790.20 4790.10 4790.00 4780.10 4780.00 4776.80 4776.70 4776.70 4776.70 4776.70 4776.70 4776.70 4776.70 4776.70 4776.80 4777.00 4789.00 4807.00 4807.00 4822.00 4852.00 4886.00 4946.00 4946.00
5134.00 5147.00 5138.00 5098.00 5075.00 5055.00 5048.00 5065.00 5065.00 5108.00 5075.00 5048.10 5074.00 5128.00 5194.00 5174.00 5115.00 5115.00 5043.00 5022.00 4984.00 4943.10 4943.00 4922.00 4922.00 4909.00 4909.00 4904.00 4901.00 4923.00 4924.00 4873.00 4873.00 4839.00 4821.00 4819.30 4819.20 4819.10 4824.00 4812.00 4812.00 4812.00 4805.00 4799.00 4799.00 4792.00 4781.00 4776.80 4776.80 4776.80 4776.80 4776.80 4776.80 4776.80 4776.80 4776.80 4776.80 4776.90 4784.00 4784.00 4792.00 4826.00 4884.00 4904.00 4904.00 4930.00
5163.00 5127.00 5119.00 5141.00 5109.00 5064.00 5081.00 5081.00 5120.00 5102.00 5063.00 5048.20 5075.00 5101.00 5129.00 5069.00 5069.00 5043.00 4995.00 4987.00 4965.00 4965.00 4944.00 4922.10 4929.00 4929.00 4918.00 4910.00 4906.00 4935.00 4917.00 4917.00 4906.00 4871.00 4819.40 4819.30 4821.00 4820.00 4819.00 4837.00 4837.00 4823.00 4810.00 4811.00 4812.00 4810.00 4791.00 4776.90 4776.90 4776.90 4776.90 4776.90 4776.90 4776.90 4776.90 4776.90 4776.90 4777.00 4777.00 4785.00 4802.00 4837.00 4893.00 4893.00 4951.00 4984.00
5221.00 5157.00 5157.00 5102.00 5104.00 5067.00 5064.10 5112.00 5160.00 5159.00 5086.00 5086.00 5109.00 5146.00 5130.00 5130.00 5065.00 5016.00 5015.00 4985.00 4985.00 4956.00 4925.00 4950.00 4970.00 4941.00 4928.00 4918.00 4921.00 4911.00 4911.00 4899.00 4899.00 4890.00 4885.00 4864.00 4833.00 4826.00 4823.00 4823.00 4828.00 4826.00 4821.00 4818.00 4818.00 4820.00 4809.00 4779.00 4784.00 4777.00 4777.00 4777.00 4777.00 4777.00 4777.00 4777.00 4777.00 4777.00 4784.00 4790.00 4823.00 4845.00 4845.00 4861.00 4886.00 4888.00
5253.00 5253.00 5218.00 5097.00 5069.00 5069.00 5066.00 5091.00 5132.00 5188.00 5188.00 5122.00 5099.00 5158.00 5158.00 5146.00 5079.00 5045.00 5076.00 5076.00 5000.00 4948.00 4938.00 4959.00 4984.00 4961.00 4940.00 4929.00 4927.00 4927.00 4904.00 4893.00 4894.00 4873.00 4855.00 4847.00 4845.00 4828.00 4828.00 4830.00 4830.00 4829.00 4815.00 4815.00 4813.00 4813.00 4807.00 4807.00 4780.00 4777.10 4777.10 4777.10 4777.10 4777.10 4777.10 4785.00 4785.00 4790.00 4797.00 4808.00 4854.00 4854.00 4878.00 4888.00 4903.00 4946.00
5172.00 5216.00 5227.00 5150.00 5150.00 5103.00 5099.00 5079.00 5090.00 5090.10 5141.00 5125.00 5082.00 5138.00 5182.00 5212.00 5160.00 5168.00 5140.00 5118.00 4996.00 4938.10 4972.00 4987.00 5047.00 4989.00 4966.00 4945.00 4945.00 4923.00 4910.00 4893.00 4890.00 4890.00 4867.00 4859.00 4850.00 4850.00 4829.00 4827.10 4827.00 4823.00 4819.00 4811.00 4806.00 4797.00 4797.00 4790.00 4778.00 4777.20 4777.20 4777.20 4777.20 4777.20 4777.20 4777.20 4783.00 4797.00 4814.00 4841.00 4855.00 4850.00 4880.00 4929.00 4936.00 4958.00
5122.00 5155.00 5186.00 5199.00 5209.00 5180.00 5189.00 5117.00 5117.00 5090.10 5107.00 5100.00 5059.00 5081.00 5162.00 5203.00 5179.00 5179.00 5092.00 5060.00 5002.00 4947.00 5003.00 5003.00 5089.00 5035.00 5011.00 5011.00 4956.00 4926.00 4924.00 4897.00 4897.00 4875.00 4853.00 4839.10 4839.00 4835.00 4829.00 4827.10 4829.00 4829.00 4826.00 4825.00 4816.00 4800.00 4787.00 4783.00 4777.30 4777.30 4777.30 4777.30 4777.30 4777.30 4777.30 4777.30 4784.00 4799.00 4823.00 4823.00 4834.00 4837.00 4860.00 4920.00 4947.00 4947.00
5097.00 5112.00 5128.00 5149.00 5187.00 5258.00 5287.00 5287.00 5159.00 5094.00 5090.20 5101.00 5042.00 5057.00 5064.00 5084.00 5084.00 5088.00 5011.00 5034.00 4989.00 4959.00 4959.00 5020.00 5178.00 5148.00 5148.00 5063.00 4982.00 4951.00 4935.00 4935.00 4902.00 4881.00 4850.00 4855.00 4841.00 4834.00 4831.00 4829.00 4829.00 4831.00 4818.00 4816.10 4824.00 4812.00 4791.00 4779.00 4777.40 4777.40 4777.40 4777.40 4777.40 4777.40 4777.40 4785.00 4789.00 4804.00 4804.00 4818.00 4829.00 4857.00 4864.00 4884.00 4884.00 4932.00
5089.00 5089.00 5070.00 5085.00 5130.00 5087.00 5102.00 5099.00 5140.00 5131.00 5131.00 5092.00 5020.00 4987.10 4987.00 4984.00 4979.00 4977.10 4977.00 4960.10 4960.00 4959.10 4965.00 5000.00 5042.00 5103.00 5123.00 5104.00 5085.00 5063.00 5017.00 4983.00 4939.00 4915.00 4901.00 4901.00 4854.00 4849.00 4849.00 4845.00 4839.00 4830.00 4832.00 4832.00 4824.00 4805.00 4795.00 4803.00 4793.00 4786.00 4787.00 4777.50 4777.50 4777.50 4777.50 4788.00 4798.00 4798.00 4799.00 4809.00 4823.00 4842.00 4842.00 4867.00 4886.00 4904.00
5097.00 5073.00 5063.00 5058.00 5058.00 5045.00 5060.00 5055.00 5046.00 5046.00 5051.00 5043.00 5069.00 5059.00 5021.00 4993.00 4981.00 4992.00 5009.00 5009.00 4976.00 4962.00 4966.00 4992.00 4991.00 5010.00 5065.00 5062.00 5062.00 5008.00 4979.00 4963.00 4947.00 4947.00 4935.00 4907.00 4863.00 4863.00 4869.00 4856.00 4848.00 4839.00 4857.00 4844.00 4831.00 4824.00 4824.00 4809.00 4800.00 4794.00 4790.00 4790.00 4784.00 4777.60 4789.00 4789.00 4789.00 4797.00 4803.00 4808.00 4828.00 4828.00 4849.00 4876.00 4893.00 4910.00
5081.00 5074.00 5059.00 5051.00 5045.10 5075.00 5044.00 5043.40 5043.30 5043.20 5043.10 5046.00 5114.00 5139.00 5076.00 5032.00 5002.00 5025.00 5025.00 5014.00 4999.00 4982.00 4980.00 4980.00 4983.00 4978.00 4985.00 4985.00 5005.00 4967.00 4952.00 4947.00 4947.00 4925.00 4935.00 4886.00 4886.00 4873.00 4903.00 4878.00 4868.00 4868.00 4880.00 4861.00 4840.00 4826.00 4822.00 4822.00 4809.00 4803.00 4803.00 4794.00 4785.00 4789.00 4811.00 4807.00 4798.00 4799.00 4808.00 4814.00 4818.00 4833.00 4853.00 4872.00 4888.00 4888.00
5074.00 5068.00 5060.00 5060.00 5054.00 5129.00 5064.00 5064.00 5053.00 5054.00 5060.00 5066.00 5133.00 5169.00 5100.00 5040.00 5029.00 5068.00 5045.00 5015.00 4996.00 4990.00 4990.00 4996.00 4984.00 4967.00 4967.00 4951.00 4960.00 4933.00 4931.00 4931.00 4926.00 4905.10 4905.00 4887.00 4874.00 4883.00 4927.00 4906.00 4906.00 4934.00 4909.00 4892.00 4866.00 4835.00 4824.00 4827.00 4815.00 4809.00 4809.00 4802.00 4788.00 4802.00 4829.00 4837.00 4820.00 4809.00 4812.00 4829.00 4823.00 4831.00 4851.00 4870.00 4870.00 4878.00
5066.00 5061.00 5061.00 5071.00 5112.00 5119.00 5119.00 5080.00 5109.00 5143.00 5149.00 5204.00 5204.00 5162.00 5106.00 5076.00 5076.00 5101.00 5052.00 5031.00 5007.00 5007.00 4995.00 4992.00 4964.00 4964.00 4962.00 4943.00 4934.00 4923.00 4923.00 4915.00 4907.00 4908.00 4905.00 4881.00 4878.00 4899.00 4954.00 4954.00 4958.00 4987.00 4957.00 4931.00 4931.00 4865.00 4836.00 4832.00 4819.00 4819.00 4814.00 4814.00 4798.00 4811.00 4803.00 4837.00 4841.00 4837.00 4837.00 4849.00 4836.00 4835.00 4844.00 4844.00 4854.00 4864.00
5067.00 5067.00 5066.00 5071.00 5110.00 5102.00 5120.00 5120.00 5229.00 5337.00 5284.00 5435.00 5299.00 5231.00 5184.00 5184.00 5193.00 5105.00 5068.00 5047.00 5047.00 5020.00 5003.00 4983.00 4969.00 4962.00 4950.00 4941.00 4942.00 4947.00 4922.00 4917.00 4905.10 4905.00 4913.00 4880.00 4887.00 4920.00 4920.00 4939.00 4958.00 4951.00 4958.00 4958.00 4939.00 4866.00 4858.00 4846.00 4846.00 4830.00 4823.00 4806.00 4798.10 4798.10 4798.20 4818.00 4838.00 4838.00 4852.00 4842.00 4837.00 4838.00 4838.00 4847.00 4853.00 4859.00
5072.00 5073.00 5072.00 5080.00 5080.00 5116.00 5135.00 5148.00 5211.00 5343.00 5343.00 5307.00 5342.00 5200.00 5200.00 5143.00 5110.00 5060.00 5049.00 5049.00 5031.00 5011.00 4995.00 4978.00 4966.00 4957.00 4951.00 4940.00 4940.00 4927.00 4925.00 4932.00 4911.00 4911.00 4886.00 4884.00 4888.00 4888.00 4906.00 4936.00 4965.00 4903.10 4903.00 4907.00 4896.00 4869.00 4875.00 4878.00 4884.00 4855.00 4843.00 4812.00 4812.00 4808.00 4810.00 4806.00 4806.10 4819.00 4836.00 4856.00 4834.00 4834.00 4830.10 4842.00 4848.00 4858.00
5083.00 5084.00 5079.00 5082.00 5092.00 5113.00 5123.00 5140.00 5166.00 5166.00 5210.00 5170.00 5248.00 5230.00 5159.00 5122.00 5085.00 5072.00 5072.00 5038.00 5019.00 5007.00 4997.00 5014.00 4969.00 4957.00 4954.00 4954.00 4937.00 4937.00 4981.00 4962.00 4962.00 4933.00 4952.00 4920.00 4920.00 4897.00 4904.00 4915.00 4914.00 4910.00 4909.00 4895.00 4888.00 4875.00 4875.00 4878.00 4921.00 4891.00 4869.00 4869.00 4829.00 4813.00 4831.00 4825.00 4811.00 4814.00 4829.00 4827.00 4827.10 4830.00 4830.10 4830.20 4830.30 4830.40
5096.00 5097.00 5091.00 5099.00 5107.00 5127.00 5149.00 5146.00 5146.00 5156.00 5160.00 5139.00 5169.00 5197.00 5173.00 5132.00 5094.00 5131.00 5084.00 5046.00 5030.00 5011.00 5011.00 5019.00 4983.00 4958.00 4958.00 4943.00 4938.00 4947.00 4971.00 4971.00 4994.00 4969.00 4986.00 4986.00 4933.00 4913.00 4904.00 4901.20 4910.00 4902.00 4902.00 4893.00 4880.00 4881.00 4870.00 4878.00 4893.00 4875.00 4875.00 4848.00 4823.00 4820.00 4813.10 4815.00 4815.00 4815.00 4819.00 4829.00 4829.00 4838.00 4830.10 4830.20 4830.30 4830.40
5118.00 5124.00 5124.00 5127.00 5136.00 5167.00 5181.00 5181.00 5171.00 5153.00 5138.00 5122.00 5122.00 5135.00 5172.00 5162.00 5162.00 5133.00 5096.00 5082.00 5040.00 5040.00 5019.00 5001.00 5002.00 5002.00 4984.00 4960.00 4949.00 4968.00 4968.00 4995.00 4986.00 4987.00 4957.00 4982.00 4979.00 4936.00 4924.00 4901.20 4901.10 4901.00 4874.00 4869.00 4862.00 4856.00 4849.00 4868.00 4844.00 4844.00 4833.10 4833.00 4823.00 4819.00 4819.00 4819.00 4845.00 4826.00 4826.00 4839.00 4830.00 4835.00 4838.00 4838.00 4840.00 4838.00
5139.00 5139.00 5142.00 5158.00 5244.00 5255.00 5255.00 5253.00 5230.00 5176.00 5130.00 5135.00 5102.00 5093.00 5116.00 5116.00 5130.00 5100.00 5074.00 5054.00 5054.00 5033.00 5012.00 4996.00 4997.00 4998.00 4994.00 4994.00 4965.00 4978.00 4993.00 5048.00 4980.00 4960.00 4932.00 4947.00 4932.00 4943.00 4960.00 4960.00 4932.00 4962.00 4901.00 4869.00 4869.00 4844.00 4836.00 4833.40 4833.30 4833.20 4833.10 4846.00 4827.00 4834.00 4843.00 4819.10 4851.00 4851.00 4852.00 4856.00 4848.00 4867.00 4867.00 4859.00 4854.00 4851.00
