Data/ASC_file/zhimenda_HumusSoilDepth.asc
ncols           679
          nrows           333
          xllcorner      90.54720
          yllcorner      32.43537
          cellsize        0.01000
        NODATA_value  -9999.00000
[rows 297 to 329 of 333, columns 292 to 364 of 679]
97.17 54.05 95.01 93.20 87.82 88.43 113.72 74.38 107.21 114.05 105.57 98.23 91.30 101.93 93.50 92.54 105.60 85.92 91.90 57.40 100.45 110.91 78.99 97.49 81.79 91.97 97.43 115.81 86.69 100.53 91.06 71.28 66.78 46.40 76.10 80.18 75.86 95.99 75.33 84.48 84.40 90.36 110.30 96.94 86.51 90.82 93.76 106.58 93.47 94.51 101.92 61.75 65.65 90.12 90.38 91.99 107.92 101.62 85.82 72.24 67.80 52.25 87.62 58.13 64.01 97.20 108.07 102.50 112.34 95.98 104.61 82.51 79.98
55.49 83.60 101.54 98.63 101.57 87.07 88.97 78.38 101.57 108.37 99.60 92.30 103.26 94.22 98.46 100.55 98.86 101.84 103.66 94.85 86.55 94.67 92.84 94.40 115.30 117.57 116.01 106.73 103.37 97.91 66.03 70.45 58.48 62.07 68.35 82.21 87.83 92.65 71.61 77.37 94.14 105.53 86.79 96.66 100.61 104.49 94.33 92.14 103.30 43.52 82.49 57.45 87.60 89.39 98.48 102.74 102.01 49.15 102.05 74.98 72.87 73.58 100.54 90.40 91.06 56.84 36.93 68.01 65.80 40.20 61.20 38.03 38.12
100.71 105.54 107.76 105.61 118.58 117.32 119.41 74.37 114.31 115.30 115.43 114.35 115.59 113.59 107.79 103.47 109.85 108.04 112.77 112.29 87.24 107.00 86.43 79.77 78.20 101.29 102.63 105.42 36.14 50.32 59.45 56.86 74.02 78.43 78.70 99.79 82.66 109.07 89.59 104.94 104.17 110.18 109.15 105.93 109.55 81.63 82.94 54.44 74.80 66.23 57.24 37.31 93.79 84.85 95.51 101.44 108.37 77.85 108.42 102.88 70.76 104.21 110.05 94.73 95.14 89.41 77.37 67.00 101.98 40.10 105.87 105.72 101.60
102.09 109.08 115.42 97.50 85.65 99.64 114.41 76.35 102.39 66.20 105.20 106.01 109.24 106.46 93.01 95.81 92.15 55.52 96.71 81.68 105.49 88.91 90.24 73.91 56.56 39.72 36.54 58.98 63.40 68.44 73.24 77.78 73.40 77.03 71.33 94.97 91.44 83.44 75.89 100.26 110.49 112.78 112.87 107.29 101.44 95.16 91.39 99.75 76.39 102.45 62.74 97.04 87.65 95.35 100.61 101.78 101.77 81.69 75.70 103.22 38.99 86.22 88.30 81.79 103.37 87.99 83.76 71.13 85.64 99.05 110.81 105.17 104.67
110.67 115.83 115.88 117.13 113.35 108.53 102.86 79.20 108.98 92.64 109.39 102.59 98.34 93.06 106.46 94.72 108.55 97.70 70.48 97.15 83.34 87.33 80.51 84.03 71.63 71.06 59.86 67.17 99.01 85.48 83.19 75.26 76.52 81.21 70.60 94.88 87.79 89.45 86.70 106.84 89.72 104.55 108.14 113.14 112.60 89.94 102.07 90.46 63.79 105.67 37.92 41.17 97.92 97.58 101.29 106.79 97.29 106.22 84.18 91.16 58.37 98.86 84.15 94.36 110.05 90.81 81.42 82.17 77.17 97.77 111.19 111.93 108.60
115.22 119.48 115.05 114.08 116.38 117.70 81.27 80.91 108.88 90.73 101.60 97.33 58.51 82.93 99.08 86.20 103.31 108.74 109.16 105.59 99.21 102.69 82.94 102.88 106.32 69.68 63.31 74.47 93.04 97.27 80.75 80.08 90.49 81.21 72.20 89.36 100.46 95.79 99.99 83.72 59.23 86.24 87.37 104.42 103.41 111.85 79.90 67.40 111.89 58.98 62.76 87.70 86.42 88.31 100.15 106.14 107.00 100.55 77.38 58.39 63.03 89.80 93.90 94.36 94.69 92.32 80.88 78.50 78.56 95.80 94.44 61.75 66.13
102.04 111.36 113.03 108.22 101.20 81.12 79.23 93.29 99.53 109.56 102.81 93.45 109.48 110.24 92.27 72.84 78.74 105.53 110.09 113.72 108.19 107.75 93.16 97.37 64.70 71.29 73.28 79.08 101.94 103.61 97.10 75.24 107.80 73.51 77.69 99.30 104.14 100.77 102.53 103.18 89.44 99.91 85.22 54.26 74.91 80.40 88.87 71.09 106.70 103.28 56.71 101.09 94.92 93.08 98.76 104.34 110.72 99.50 87.94 67.73 69.08 94.33 91.10 93.57 88.83 93.85 99.40 82.27 84.20 97.97 99.35 82.60 98.90
113.68 112.99 111.26 100.62 69.33 93.64 101.60 93.19 108.06 108.79 92.06 110.50 84.94 87.38 68.89 72.59 52.49 86.37 95.63 112.42 111.97 90.57 98.85 102.88 58.79 102.22 90.56 81.42 107.22 101.90 96.22 96.65 72.41 65.21 80.41 104.63 113.09 110.39 99.25 104.47 100.41 105.26 86.80 89.44 80.57 99.19 100.01 76.45 107.43 101.46 65.56 109.88 94.59 108.33 98.52 108.29 111.51 100.16 85.65 56.47 72.96 96.96 92.83 90.70 91.23 88.19 100.38 85.06 89.50 107.29 98.43 105.62 107.58
112.46 104.94 101.68 86.00 88.15 96.44 112.21 113.43 108.64 94.66 111.68 100.84 96.30 86.50 104.71 64.99 85.01 62.21 63.40 101.61 93.71 36.49 55.47 32.80 47.46 103.31 86.53 83.92 109.16 102.28 105.73 105.50 109.00 70.30 112.58 95.68 112.54 116.27 104.39 108.85 104.72 100.48 109.71 90.51 84.49 95.67 93.02 86.08 104.68 103.51 64.73 101.38 99.39 87.85 100.36 110.28 109.86 99.25 92.98 72.77 64.84 102.60 93.07 98.56 89.34 90.91 102.70 84.12 97.28 71.75 101.46 110.48 108.24
102.92 106.81 94.28 87.44 95.12 110.70 120.25 110.56 106.82 116.24 109.46 96.09 62.87 40.72 62.21 71.10 83.20 72.79 68.74 36.77 54.81 101.21 94.97 44.11 87.26 102.93 92.02 71.30 103.76 109.75 108.25 111.31 59.26 110.56 109.05 104.47 106.72 97.02 106.85 114.33 110.60 115.43 91.63 88.77 86.78 95.81 90.37 97.44 110.31 101.31 88.89 52.97 62.09 101.79 112.15 112.71 105.22 95.81 108.81 67.26 74.97 109.74 107.88 91.82 91.95 91.44 112.20 91.70 109.60 82.23 88.92 97.87 103.62
114.53 98.59 102.25 112.06 100.57 107.29 114.37 98.15 111.02 107.83 106.46 99.72 74.26 67.62 86.04 85.17 89.40 72.37 79.88 86.70 87.90 96.36 87.25 76.24 91.24 80.20 103.86 80.74 78.76 98.94 93.86 104.28 63.43 89.67 72.71 103.55 79.68 59.28 109.28 114.11 113.59 95.57 89.01 91.86 85.97 95.76 98.78 105.50 105.30 99.08 89.17 105.37 33.76 100.69 104.82 109.27 97.88 106.52 105.11 62.86 100.07 105.59 91.01 103.14 96.22 84.32 112.82 102.05 116.26 99.66 74.27 60.08 95.89
99.85 116.72 118.89 114.57 106.00 99.58 113.52 115.12 106.25 103.38 105.46 96.74 69.03 76.08 81.14 84.13 107.40 82.41 80.66 85.99 87.95 93.91 93.32 90.43 84.44 98.96 104.46 84.13 94.97 74.37 48.92 73.21 76.12 56.99 96.72 66.82 113.43 93.84 97.46 64.00 108.45 111.88 96.31 97.53 92.21 99.29 98.51 106.69 105.00 87.24 104.30 86.04 62.01 95.05 100.79 105.49 100.98 100.63 105.94 56.60 36.42 58.30 84.07 105.89 109.90 85.73 111.83 107.23 109.59 99.17 87.85 98.40 89.60
114.02 109.96 119.52 115.29 113.98 102.75 110.88 99.32 98.76 98.43 96.95 108.05 70.03 85.57 113.65 116.84 114.11 105.04 79.16 97.39 116.30 113.60 116.33 108.52 95.16 107.46 98.81 108.33 113.51 113.45 82.63 105.54 102.13 101.62 110.50 72.30 41.79 114.42 114.29 101.45 117.33 115.12 104.80 96.94 114.55 113.01 117.52 104.79 105.09 115.09 104.42 74.72 71.63 35.16 72.07 94.54 90.91 91.27 89.90 90.07 57.52 37.06 96.21 107.01 116.84 112.32 78.76 94.78 110.19 107.02 111.82 97.77 105.50
109.87 103.94 112.75 106.18 89.00 102.67 103.49 85.32 78.50 41.67 40.68 65.44 88.05 87.09 110.94 109.65 114.41 68.84 104.40 100.36 118.41 115.97 102.06 85.02 95.62 108.07 96.64 96.91 110.09 77.39 77.57 108.90 106.33 111.15 105.59 93.95 78.76 75.23 103.89 107.76 112.36 104.16 108.71 113.86 85.52 105.91 115.81 111.94 116.70 113.24 102.69 87.54 71.52 69.25 95.87 108.18 103.60 94.90 93.95 88.70 80.97 81.59 37.49 109.23 92.99 107.87 106.06 68.82 113.87 113.59 111.78 104.24 101.69
105.18 110.77 104.72 87.23 105.95 81.26 83.73 76.99 59.68 67.53 91.18 94.26 90.59 87.94 75.26 80.89 84.76 105.74 74.87 105.22 97.03 110.04 110.30 100.80 99.30 104.23 103.85 117.86 93.15 72.45 88.52 78.17 113.53 114.89 80.15 105.76 97.83 100.35 70.48 105.20 112.08 100.10 66.42 57.49 61.79 111.32 110.16 121.31 115.95 116.77 96.76 86.65 101.82 57.85 98.53 110.07 108.29 102.47 109.52 90.48 94.14 94.69 70.12 67.13 102.29 108.71 102.65 85.63 113.63 120.63 114.58 105.94 97.29
119.65 112.85 96.79 112.00 79.24 77.81 96.24 71.52 88.13 46.65 95.62 96.14 92.83 79.74 88.91 86.70 97.99 77.45 82.52 78.76 102.31 96.55 105.06 107.27 100.49 105.99 94.27 104.82 87.40 86.54 90.16 80.41 112.35 95.67 103.21 98.54 101.40 105.21 69.35 108.97 99.23 117.74 111.80 114.72 90.39 116.01 109.90 114.42 110.53 117.48 92.37 111.03 95.99 57.93 99.97 109.43 112.89 110.04 114.88 94.90 98.76 66.33 64.28 72.78 108.83 120.10 101.05 99.76 89.81 111.38 120.22 109.32 98.31
114.38 100.44 114.40 93.82 81.56 103.15 112.71 87.73 63.55 84.16 101.80 102.92 93.82 88.50 84.88 96.03 101.24 90.96 91.94 97.91 104.57 98.58 103.90 105.81 111.97 92.08 84.25 99.36 87.86 104.73 105.21 92.95 75.51 102.88 108.13 106.69 107.05 111.80 71.73 65.80 98.08 116.21 117.69 118.91 103.03 103.36 98.96 111.67 107.85 92.43 111.94 95.41 93.30 61.02 97.22 110.15 96.44 109.58 117.84 104.11 96.07 103.81 78.14 73.84 102.85 113.29 107.27 106.48 104.99 102.99 117.32 107.31 114.62
103.84 115.00 99.35 69.01 89.17 107.68 101.29 77.60 76.58 104.07 107.44 105.14 107.13 90.11 85.19 104.78 97.28 91.47 90.05 99.52 111.24 104.38 109.15 108.59 113.41 105.13 116.86 71.64 106.06 109.88 110.57 105.91 80.47 110.64 97.18 108.13 113.01 110.23 69.06 67.02 90.94 100.61 109.87 110.55 109.43 64.91 94.89 90.54 89.27 99.54 93.13 89.06 90.62 52.09 104.83 82.69 92.92 105.08 112.53 104.49 116.02 102.39 99.18 72.84 97.24 112.95 98.81 105.61 106.25 101.19 114.06 108.40 115.54
103.64 86.85 82.36 80.92 104.94 103.71 114.42 74.79 102.63 108.87 106.83 108.26 103.88 74.81 99.81 101.13 98.67 90.35 92.29 101.56 119.35 108.44 105.47 112.89 107.47 62.38 99.66 68.59 110.67 117.69 111.43 99.31 78.33 87.55 110.39 106.50 117.24 108.09 83.59 91.60 91.48 90.62 88.57 63.73 105.86 112.85 113.64 91.71 95.14 110.61 98.01 93.63 92.76 71.77 76.03 93.35 92.71 99.96 108.59 117.48 108.52 107.34 97.39 66.63 102.51 81.72 95.80 103.78 103.04 107.63 91.82 116.48 119.40
91.49 92.35 101.86 100.00 109.18 114.64 105.96 75.51 105.79 110.96 108.57 105.62 72.95 105.53 113.63 101.45 98.36 93.58 101.54 105.37 124.08 122.58 116.96 114.67 104.35 116.45 114.59 92.94 101.80 113.37 105.78 91.41 94.43 97.61 113.85 108.28 115.24 104.74 83.46 97.90 109.26 111.10 109.80 53.30 109.54 115.74 98.87 84.55 106.46 111.23 99.02 91.44 38.41 47.94 81.19 97.04 100.71 97.25 109.80 102.92 118.38 115.81 97.52 73.67 64.91 94.05 104.91 113.34 102.15 97.27 115.44 102.95 104.86
103.13 108.91 106.22 106.03 112.92 111.00 67.68 97.55 114.10 103.34 111.34 104.88 76.20 114.06 118.54 118.61 101.51 95.59 99.47 112.84 74.51 100.32 112.01 -9999.00 -9999.00 -9999.00 100.91 103.87 101.54 113.26 102.62 112.65 88.40 103.44 88.81 114.58 103.80 116.02 90.85 94.28 118.91 114.90 118.90 83.09 112.03 112.27 92.40 117.36 116.13 108.77 94.48 65.75 72.24 72.22 88.59 88.96 112.46 99.90 86.63 114.52 109.05 120.05 100.09 109.06 71.84 84.75 95.06 112.31 114.15 92.92 116.50 117.20 89.82
119.50 116.82 107.09 114.50 113.54 104.78 46.32 108.31 90.80 111.40 110.10 108.05 82.76 120.81 111.10 113.61 100.84 101.68 109.54 118.56 113.79 118.19 -9999.00 -9999.00 -9999.00 -9999.00 -9999.00 111.75 92.01 112.24 114.15 95.55 100.05 115.66 100.44 119.63 115.73 123.03 93.15 102.11 91.78 103.42 111.31 84.66 106.90 107.63 107.38 117.90 114.58 102.82 74.59 97.72 73.07 74.11 90.69 87.29 112.27 94.97 98.20 118.84 109.84 114.43 121.68 111.36 74.72 76.33 85.82 115.54 99.90 110.83 107.71 113.13 62.57
118.26 116.74 121.66 117.81 108.61 83.74 70.99 98.87 105.63 110.44 113.96 106.96 84.88 94.49 114.91 68.25 120.53 108.83 -9999.00 -9999.00 -9999.00 -9999.00 -9999.00 -9999.00 -9999.00 -9999.00 -9999.00 -9999.00 -9999.00 -9999.00 110.27 99.95 108.37 121.51 115.43 110.50 122.00 121.29 98.12 95.07 90.94 107.75 97.77 98.50 112.63 107.65 115.18 111.05 117.47 74.18 94.25 90.46 62.44 81.55 101.38 106.87 80.34 108.21 103.88 110.29 116.11 108.24 119.46 113.15 84.11 72.88 101.59 66.75 86.67 117.27 112.07 108.63 105.10
-9999.00 102.28 103.40 99.75 88.91 84.26 84.31 106.46 117.95 117.79 112.70 118.96 91.67 115.14 119.97 94.91 123.81 -9999.00 -9999.00 -9999.00 -9999.00 -9999.00 -9999.00 -9999.00 -9999.00 -9999.00 -9999.00 -9999.00 -9999.00 -9999.00 -9999.00 -9999.00 -9999.00 -9999.00 -9999.00 -9999.00 106.13 105.12 106.66 112.63 101.23 89.91 112.14 108.80 102.98 86.43 112.29 100.74 78.73 95.11 81.94 68.29 67.32 108.78 95.44 107.74 113.97 80.43 116.57 88.03 91.40 116.85 116.25 108.58 82.46 80.79 102.86 109.04 95.84 93.47 63.74 114.42 119.56
-9999.00 112.05 110.32 84.86 112.67 113.75 86.95 90.57 100.14 121.05 116.04 117.29 91.84 118.82 120.08 105.88 102.30 -9999.00 -9999.00 -9999.00 -9999.00 -9999.00 -9999.00 -9999.00 -9999.00 -9999.00 -9999.00 -9999.00 -9999.00 -9999.00 -9999.00 -9999.00 -9999.00 -9999.00 -9999.00 -9999.00 -9999.00 -9999.00 107.81 95.33 100.83 56.15 76.68 87.41 109.03 118.53 106.68 80.34 101.20 80.21 90.15 79.02 79.33 99.97 107.52 108.73 99.86 86.63 92.11 115.98 100.70 80.15 109.01 95.32 111.81 48.97 95.81 113.54 113.03 106.38 51.97 102.10 119.34
-9999.00 -9999.00 111.63 90.59 91.34 120.90 119.47 86.35 108.84 85.08 113.62 121.16 96.01 113.14 121.49 120.76 110.97 -9999.00 -9999.00 -9999.00 -9999.00 -9999.00 -9999.00 -9999.00 -9999.00 -9999.00 -9999.00 -9999.00 -9999.00 -9999.00 -9999.00 -9999.00 -9999.00 -9999.00 -9999.00 -9999.00 -9999.00 -9999.00 102.93 102.23 111.20 91.25 107.64 52.07 46.91 115.63 85.11 104.38 71.34 111.34 106.20 77.13 107.26 95.17 110.42 113.99 112.66 104.01 99.16 123.69 106.57 113.06 105.19 113.35 109.42 52.75 45.49 110.21 120.23 113.03 58.49 96.76 113.55
-9999.00 -9999.00 96.94 100.88 117.06 123.10 75.55 114.72 106.30 118.89 98.75 122.28 98.51 114.09 92.35 -9999.00 -9999.00 -9999.00 -9999.00 -9999.00 -9999.00 -9999.00 -9999.00 -9999.00 -9999.00 -9999.00 -9999.00 -9999.00 -9999.00 -9999.00 -9999.00 -9999.00 -9999.00 -9999.00 -9999.00 -9999.00 -9999.00 -9999.00 109.00 97.14 85.38 100.42 95.17 90.91 93.63 84.08 94.64 75.04 95.79 111.71 99.86 111.63 61.63 87.21 107.79 112.90 116.09 110.53 104.13 117.23 110.10 120.03 120.25 113.57 115.69 91.55 49.88 110.91 95.88 110.76 102.98 111.32 74.47
-9999.00 -9999.00 117.44 102.88 122.42 122.27 54.63 95.57 106.04 125.55 106.92 117.16 116.22 115.12 -9999.00 -9999.00 -9999.00 -9999.00 -9999.00 -9999.00 -9999.00 -9999.00 -9999.00 -9999.00 -9999.00 -9999.00 -9999.00 -9999.00 -9999.00 -9999.00 -9999.00 -9999.00 -9999.00 -9999.00 -9999.00 -9999.00 -9999.00 -9999.00 -9999.00 105.11 108.78 106.57 109.77 112.94 110.58 116.26 79.63 90.21 111.58 106.13 113.28 100.80 53.59 44.72 85.95 113.64 102.63 108.26 108.94 106.20 112.47 107.01 120.29 114.78 114.27 97.52 54.15 46.37 100.15 113.24 107.76 95.70 106.82
-9999.00 -9999.00 116.24 108.95 117.77 89.75 110.62 110.26 103.44 113.98 114.11 -9999.00 -9999.00 -9999.00 -9999.00 -9999.00 -9999.00 -9999.00 -9999.00 -9999.00 -9999.00 -9999.00 -9999.00 -9999.00 -9999.00 -9999.00 -9999.00 -9999.00 -9999.00 -9999.00 -9999.00 -9999.00 -9999.00 -9999.00 -9999.00 -9999.00 -9999.00 -9999.00 -9999.00 109.88 114.16 118.98 117.85 115.02 91.90 110.02 57.12 90.32 109.38 109.64 102.11 102.89 85.16 52.94 98.90 64.13 95.48 115.26 121.78 116.19 113.24 105.02 116.61 118.44 122.58 110.48 117.29 51.62 107.63 113.04 114.32 110.19 110.45
-9999.00 -9999.00 -9999.00 -9999.00 -9999.00 80.93 109.05 116.41 114.77 102.42 111.28 -9999.00 -9999.00 -9999.00 -9999.00 -9999.00 -9999.00 -9999.00 -9999.00 -9999.00 -9999.00 -9999.00 -9999.00 -9999.00 -9999.00 -9999.00 -9999.00 -9999.00 -9999.00 -9999.00 -9999.00 -9999.00 -9999.00 -9999.00 -9999.00 -9999.00 -9999.00 -9999.00 -9999.00 116.62 -9999.00 -9999.00 -9999.00 106.44 114.77 97.11 88.46 104.99 108.30 103.26 99.62 109.47 100.52 76.36 109.39 90.82 80.51 92.22 97.63 91.18 57.24 100.45 108.58 110.08 114.03 96.89 101.19 76.06 112.49 113.85 119.66 114.62 -9999.00
-9999.00 -9999.00 -9999.00 -9999.00 -9999.00 111.40 111.30 116.50 -9999.00 110.61 -9999.00 -9999.00 -9999.00 -9999.00 -9999.00 -9999.00 -9999.00 -9999.00 -9999.00 -9999.00 -9999.00 -9999.00 -9999.00 -9999.00 -9999.00 -9999.00 -9999.00 -9999.00 -9999.00 -9999.00 -9999.00 -9999.00 -9999.00 -9999.00 -9999.00 -9999.00 -9999.00 -9999.00 -9999.00 -9999.00 -9999.00 -9999.00 -9999.00 105.43 91.19 54.32 113.15 115.67 113.26 101.70 116.48 113.61 92.10 94.91 86.99 106.08 114.80 80.11 87.54 113.10 89.20 106.83 118.05 114.77 97.20 115.23 96.86 81.33 96.66 120.26 108.56 117.90 -9999.00
-9999.00 -9999.00 -9999.00 -9999.00 -9999.00 -9999.00 107.25 -9999.00 -9999.00 -9999.00 -9999.00 -9999.00 -9999.00 -9999.00 -9999.00 -9999.00 -9999.00 -9999.00 -9999.00 -9999.00 -9999.00 -9999.00 -9999.00 -9999.00 -9999.00 -9999.00 -9999.00 -9999.00 -9999.00 -9999.00 -9999.00 -9999.00 -9999.00 -9999.00 -9999.00 -9999.00 -9999.00 -9999.00 -9999.00 -9999.00 -9999.00 -9999.00 -9999.00 105.21 99.33 116.42 119.98 115.68 -9999.00 -9999.00 116.98 105.64 105.56 109.37 98.57 105.78 118.77 109.16 98.45 113.67 108.55 106.80 112.64 97.92 110.54 102.55 84.05 97.45 107.58 86.48 108.59 121.02 -9999.00
-9999.00 -9999.00 -9999.00 -9999.00 -9999.00 -9999.00 -9999.00 -9999.00 -9999.00 -9999.00 -9999.00 -9999.00 -9999.00 -9999.00 -9999.00 -9999.00 -9999.00 -9999.00 -9999.00 -9999.00 -9999.00 -9999.00 -9999.00 -9999.00 -9999.00 -9999.00 -9999.00 -9999.00 -9999.00 -9999.00 -9999.00 -9999.00 -9999.00 -9999.00 -9999.00 -9999.00 -9999.00 -9999.00 -9999.00 -9999.00 -9999.00 -9999.00 -9999.00 -9999.00 -9999.00 -9999.00 -9999.00 -9999.00 -9999.00 -9999.00 -9999.00 -9999.00 118.07 116.94 107.59 100.43 122.26 111.90 115.41 -9999.00 -9999.00 -9999.00 -9999.00 117.22 109.24 112.43 94.45 110.09 120.52 110.61 100.43 116.58 -9999.00
