Data/ASC_file/zhimenda_VadoseZoneDepth.asc
ncols           679
          nrows           333
          xllcorner      90.54720
          yllcorner      32.43537
          cellsize        0.01000
        NODATA_value  -9999.00000
[rows 93 to 123 of 333, columns 426 to 496 of 679]
933.58 942.91 986.96 955.03 999.16 971.27 997.95 958.12 1015.28 912.37 855.27 789.79 913.64 867.16 817.70 732.29 161.90 207.32 634.07 858.47 871.67 954.39 867.36 940.85 858.11 928.50 978.78 906.14 911.84 932.45 798.60 787.42 959.53 847.59 989.83 912.37 781.76 741.25 858.23 589.17 973.57 800.08 868.27 986.62 922.72 827.54 707.75 979.94 1036.82 444.50 975.50 908.75 1021.66 914.04 858.17 976.53 999.68 859.46 978.80 951.94 757.78 729.63 632.31 815.06 703.64 860.64 840.67 798.83 711.61 404.22 334.36
867.66 920.52 858.85 941.03 1003.88 947.38 988.07 964.28 1012.30 956.61 869.20 916.73 935.72 908.95 866.66 688.27 121.02 167.98 206.33 926.36 955.08 834.69 899.46 951.68 914.10 913.35 922.95 850.17 875.09 935.33 722.29 660.16 876.51 981.83 984.44 933.48 996.96 687.13 728.05 778.65 813.17 873.70 986.20 892.72 681.39 449.23 965.76 1010.12 757.74 968.08 906.72 981.97 999.09 795.48 996.46 941.68 979.89 827.28 759.70 696.47 857.68 961.99 957.44 792.40 935.66 962.80 917.47 707.78 871.97 872.76 852.76
888.55 810.06 853.22 961.77 863.69 907.51 855.96 923.63 992.08 985.39 914.42 1040.14 984.18 947.01 879.66 723.34 838.65 141.97 691.71 959.15 841.93 918.22 941.55 932.88 988.24 985.86 965.76 864.36 861.53 830.38 749.13 880.32 940.06 962.66 928.20 945.13 949.58 572.28 969.64 954.74 761.34 986.09 780.63 721.85 981.03 941.66 1007.57 831.46 703.36 1003.29 1002.02 931.32 952.76 741.78 793.77 1016.26 839.23 1019.38 889.81 912.90 989.58 983.39 926.71 460.23 981.74 972.11 735.63 791.11 1009.92 1000.13 895.01
824.44 841.34 970.23 936.22 642.85 467.79 764.08 912.62 947.86 1004.04 989.29 990.92 997.15 958.70 865.11 960.17 888.32 141.87 140.55 840.40 813.95 879.75 929.38 966.06 979.04 986.10 889.28 863.26 817.98 841.52 719.56 942.21 964.55 915.45 854.03 933.48 564.83 863.53 988.00 968.60 919.63 343.66 761.74 1012.01 959.55 1008.83 921.33 663.54 951.00 967.12 1000.61 977.06 903.09 988.99 744.26 875.99 865.51 971.59 875.48 893.25 1024.67 849.61 450.10 525.45 994.09 780.29 909.05 814.24 778.72 1033.76 929.61
763.63 890.54 962.09 715.80 924.79 859.16 959.10 925.56 884.80 917.44 963.99 960.96 958.62 951.50 1020.24 950.43 895.65 121.70 576.72 540.42 816.30 849.19 890.84 938.46 906.55 974.75 795.62 452.21 526.05 573.61 723.90 888.20 904.52 909.61 916.56 612.84 895.99 940.04 930.86 925.32 620.69 921.03 612.43 402.02 923.40 941.95 649.14 976.48 866.85 974.25 988.18 946.32 807.27 922.97 640.27 898.83 977.57 972.94 992.71 1003.05 949.49 841.63 890.47 997.41 877.73 934.01 979.49 801.29 915.80 980.78 949.67
304.13 905.83 974.64 741.40 916.40 973.12 986.36 933.61 614.63 898.56 945.94 933.09 842.15 916.68 906.38 938.46 891.43 141.05 545.03 908.18 445.90 506.00 561.06 305.02 826.86 870.48 509.87 845.04 732.85 852.34 470.60 873.20 1010.70 722.26 673.48 982.62 982.93 944.34 941.27 639.80 1009.78 1006.55 1011.59 861.62 651.97 666.84 886.50 757.54 940.95 911.80 1012.78 876.45 981.58 664.18 863.65 986.07 1015.19 1002.65 901.95 839.74 948.71 991.00 914.16 978.60 958.63 982.02 722.79 890.56 800.25 768.41 896.99
526.06 594.75 837.70 781.58 918.81 938.42 994.04 905.70 970.19 843.91 940.65 932.76 940.53 965.18 973.40 939.10 895.45 140.95 140.67 986.88 956.89 902.27 924.73 807.63 503.98 501.22 839.04 748.83 923.56 941.41 874.51 540.80 319.91 587.10 939.65 957.01 902.08 669.88 614.07 597.99 961.10 822.80 501.33 868.04 936.88 976.48 954.05 939.04 844.96 988.54 953.95 1015.36 897.23 671.06 967.85 999.36 936.62 1027.63 929.14 785.84 1001.39 954.06 895.28 1001.12 928.70 803.22 888.94 948.77 889.92 799.62 750.47
926.00 991.68 557.60 769.70 860.19 918.21 955.20 934.04 961.87 772.85 458.56 715.66 702.17 880.45 881.16 866.60 963.25 335.00 816.73 1017.13 959.54 1021.07 1044.55 1012.00 926.89 815.65 902.49 783.20 980.69 984.81 976.69 992.53 929.76 783.03 569.14 356.60 609.58 750.01 748.65 810.60 839.32 856.18 999.45 994.73 978.44 968.00 987.34 958.68 1020.16 989.40 921.91 834.91 679.03 992.25 957.26 888.05 982.79 837.77 755.94 1027.11 1031.13 507.25 875.97 996.32 1008.07 991.06 982.48 1004.08 954.94 870.93 958.85
980.27 941.04 467.98 851.76 929.75 986.19 936.44 923.41 884.83 887.94 987.50 948.53 803.96 672.91 696.58 891.94 841.59 121.52 958.64 1019.01 929.94 932.50 936.90 990.34 884.85 910.65 945.63 819.40 743.00 961.79 996.21 934.52 898.36 658.70 878.23 811.22 778.62 662.23 805.53 930.59 975.24 795.26 912.66 1009.62 987.17 997.30 816.15 903.24 989.68 947.09 948.22 652.71 781.42 881.51 547.05 1031.04 984.20 471.70 982.04 938.95 948.69 449.09 987.96 904.87 959.67 920.29 811.02 933.50 919.17 985.87 982.30
954.35 928.38 327.29 939.05 917.22 875.30 930.86 859.61 875.96 992.31 948.27 925.29 944.61 799.85 675.59 855.65 739.95 326.84 895.08 949.84 986.22 864.49 904.44 976.77 999.75 913.61 974.81 933.00 832.28 737.55 944.02 881.27 394.18 591.51 556.83 858.76 851.20 845.07 845.83 712.63 974.67 868.60 894.39 841.98 965.88 864.35 837.05 958.44 850.22 990.57 918.18 575.99 1009.01 889.30 996.69 1008.91 867.80 734.48 552.55 1002.32 814.25 929.76 1008.06 984.06 945.55 955.08 753.53 995.21 943.38 993.10 914.07
939.66 862.27 586.62 916.74 897.82 854.07 897.49 821.71 916.82 944.74 932.48 891.31 859.28 819.08 963.79 753.37 192.85 160.11 836.58 895.32 894.07 875.71 904.56 768.41 915.48 706.53 937.75 967.22 936.46 799.97 833.26 781.14 677.21 668.35 833.10 932.45 894.08 937.91 897.19 872.82 943.39 981.22 917.23 978.25 890.61 781.03 1003.75 1005.97 974.31 933.07 687.10 883.72 778.16 942.48 1014.69 969.23 657.99 1005.25 985.77 973.49 702.03 1040.72 966.45 934.28 990.87 883.94 719.36 773.01 1013.98 937.77 971.98
864.01 526.12 961.30 705.60 628.35 125.83 789.82 856.23 930.86 924.30 923.49 952.36 721.19 907.45 840.58 766.29 159.88 116.25 418.63 841.70 876.46 960.25 1017.52 1000.34 859.78 899.27 967.48 981.65 1007.11 777.51 885.84 737.33 934.77 702.82 750.20 954.61 958.68 870.67 936.23 948.91 981.28 829.22 930.78 916.25 827.14 773.94 996.01 957.29 960.84 1025.61 431.90 452.25 894.97 982.39 1038.71 761.54 952.86 879.15 1031.21 923.91 676.22 954.32 973.32 912.70 1047.91 884.09 926.59 676.26 913.84 1009.64 828.46
95.37 103.47 106.68 107.55 125.91 127.49 63.36 714.44 682.94 944.73 872.93 975.72 977.18 955.44 922.55 774.91 87.96 408.67 637.43 788.07 842.65 921.33 867.57 913.12 878.39 912.03 983.81 944.75 980.34 802.00 951.72 916.31 995.35 900.36 683.79 904.94 968.46 880.37 987.74 985.66 1028.91 1022.25 987.78 912.16 792.21 649.45 792.85 902.07 934.47 993.93 680.04 651.60 955.00 991.01 994.44 453.62 439.79 960.73 1010.55 891.54 688.02 992.63 868.99 941.32 1007.35 828.29 687.22 939.17 902.80 894.43 1003.07
128.28 114.08 110.19 122.41 130.83 137.10 124.53 90.96 52.51 920.52 880.26 869.71 964.34 925.28 885.05 88.07 409.98 452.89 885.00 321.68 569.82 365.78 760.57 816.43 876.29 897.02 870.52 950.84 856.82 870.22 955.93 870.20 971.39 959.66 819.06 692.99 458.88 871.55 958.89 1008.42 852.22 938.91 1000.82 985.78 833.24 926.59 746.37 629.19 908.46 913.46 350.08 959.20 1005.50 993.74 949.68 714.46 920.19 1009.96 958.93 496.44 473.60 978.75 934.37 837.26 863.86 709.46 909.79 978.24 986.40 843.86 1010.00
726.20 601.62 638.35 650.72 174.75 155.26 162.09 159.73 122.82 85.85 49.81 546.71 949.58 563.23 88.52 872.39 853.45 979.98 947.57 878.09 898.12 631.33 609.74 717.17 876.41 715.85 823.62 852.31 865.42 970.53 809.67 922.41 953.38 973.46 907.68 950.80 776.10 760.57 892.40 926.04 791.99 928.01 895.14 926.26 850.07 973.29 914.12 738.09 406.25 326.07 819.83 987.26 1034.09 949.84 960.33 656.94 979.31 1029.84 988.87 601.37 631.51 1021.42 996.38 514.25 388.31 873.64 984.77 982.67 973.96 982.52 1006.74
937.94 888.60 611.62 887.33 926.38 926.42 816.14 227.98 206.89 174.03 124.64 32.03 530.63 88.05 923.91 859.91 974.33 942.73 960.43 940.76 933.80 914.45 746.58 596.17 632.33 379.97 680.40 767.79 891.06 960.47 973.86 999.12 927.35 1005.68 998.30 980.95 899.66 789.34 836.90 929.05 866.67 997.04 987.95 777.34 901.33 884.88 878.70 881.48 827.80 908.02 357.74 976.32 1019.80 956.17 768.83 653.01 949.16 1020.80 950.21 1020.62 699.40 940.83 816.77 690.46 763.27 1010.65 1035.88 1008.07 870.77 846.96 1014.61
860.76 939.75 590.06 503.83 438.52 922.90 944.37 881.43 293.57 259.48 225.72 165.20 14.76 928.89 884.12 976.41 984.74 761.66 893.69 928.73 920.74 867.41 623.80 619.21 862.71 638.98 640.05 592.49 776.73 925.54 948.47 891.33 961.64 916.26 916.50 1006.46 931.60 948.66 817.06 865.58 746.15 902.96 993.55 971.73 989.16 949.88 882.50 912.22 982.05 909.30 542.87 971.28 929.80 952.11 375.45 918.07 988.57 842.90 927.02 989.68 877.05 334.79 387.98 404.63 785.52 950.63 968.97 909.22 804.34 802.19 999.39
782.45 850.64 563.88 659.77 698.53 602.65 871.66 874.70 449.03 340.84 297.01 259.80 205.89 12.85 561.36 520.45 811.11 477.99 520.57 971.78 1014.85 976.22 784.04 750.66 941.38 867.51 836.48 776.12 600.14 704.91 767.69 685.08 905.90 858.53 976.90 1007.67 999.68 957.83 933.16 1003.17 844.57 460.90 696.23 908.78 978.98 1030.85 1020.80 947.48 987.61 978.95 715.51 951.08 876.36 372.29 915.86 990.64 1026.30 1032.74 937.01 908.00 689.24 884.72 828.38 853.50 860.88 424.25 774.91 479.40 939.63 1020.33 1005.05
810.79 617.51 734.97 677.62 781.21 753.78 452.01 671.09 834.03 704.63 820.68 817.03 862.80 257.79 12.53 929.13 986.24 916.40 492.94 970.79 845.15 748.73 891.33 945.19 980.26 987.97 949.41 963.54 929.42 757.28 624.82 838.38 379.84 419.13 686.86 906.73 814.03 886.99 951.27 985.03 908.22 964.96 933.72 694.21 417.11 911.92 651.03 707.70 748.75 598.52 642.65 770.54 779.86 989.83 942.52 960.82 955.24 894.81 942.33 733.76 721.22 975.94 983.71 957.47 1002.44 973.87 1038.90 1024.84 1004.49 857.98 971.84
914.86 970.89 613.76 760.00 942.45 867.44 893.44 836.79 827.35 717.49 810.71 787.87 941.34 822.03 290.57 45.16 280.51 32.02 503.23 910.71 798.25 888.64 910.37 929.98 967.80 980.54 982.09 973.55 945.62 864.45 866.85 942.54 877.53 840.47 749.64 599.23 746.98 909.37 943.38 951.63 968.71 977.04 927.13 839.29 469.20 692.62 872.08 735.92 795.81 581.58 810.81 804.99 820.13 800.71 948.15 900.11 983.95 918.61 787.53 680.28 620.96 898.02 838.09 897.66 1021.65 978.09 957.87 881.89 842.72 967.14 948.92
967.70 941.03 571.24 674.22 956.97 920.37 937.41 867.91 789.30 833.29 832.71 834.82 920.13 914.43 825.37 885.78 863.81 97.80 12.19 515.06 507.57 939.28 990.11 979.07 969.08 947.47 913.21 964.76 973.26 968.71 923.56 963.08 924.43 881.92 841.09 822.89 800.33 832.65 925.24 945.82 877.84 939.63 969.13 896.40 945.06 914.69 917.50 897.32 784.75 536.01 797.41 826.36 843.25 811.49 833.09 916.40 981.36 905.05 568.89 366.05 892.69 950.08 880.98 944.95 802.68 1004.84 1006.17 952.89 802.54 740.79 895.85
924.14 797.12 613.44 685.15 699.43 432.11 913.02 875.01 837.57 950.30 852.81 917.35 938.21 959.79 986.79 947.70 566.00 347.82 966.86 11.96 475.76 889.54 969.49 963.75 929.60 952.67 813.25 942.44 984.50 999.50 1027.54 1003.42 954.54 913.46 941.50 874.59 880.45 848.14 684.64 496.90 850.66 941.14 906.09 910.92 990.53 947.13 918.56 922.64 753.53 904.73 600.50 795.61 827.72 492.06 767.44 917.10 921.47 592.36 914.72 827.76 931.56 1011.48 993.40 958.26 908.97 972.81 992.23 831.79 948.93 920.27 451.68
776.38 785.31 671.24 961.58 948.53 695.98 912.37 898.66 895.02 850.12 846.46 931.48 855.41 891.15 946.62 906.15 613.97 747.61 992.97 883.61 45.08 893.76 981.11 915.76 929.90 836.84 896.42 961.88 878.02 947.92 940.17 989.20 1018.06 1017.39 959.11 912.39 927.22 838.46 997.22 494.29 847.53 886.61 933.59 856.53 977.67 932.90 944.81 855.25 963.94 906.03 586.69 328.16 469.19 865.07 594.58 595.29 595.36 872.62 750.84 961.16 911.79 957.75 886.59 983.38 917.27 881.79 992.91 986.14 977.54 930.98 691.84
877.73 612.99 912.47 824.97 968.80 683.31 952.90 934.86 945.96 924.53 926.52 837.13 486.02 749.11 698.15 643.95 626.61 776.94 853.93 732.86 45.08 906.08 829.43 886.93 848.58 856.15 953.08 927.41 876.01 916.10 905.65 926.64 903.31 996.20 973.13 982.49 925.10 882.59 948.42 448.10 517.81 788.91 684.25 968.62 939.81 830.67 985.35 996.26 963.83 882.75 857.18 794.32 877.19 948.02 544.61 922.02 977.22 911.68 952.74 983.59 815.74 996.11 892.44 904.59 940.41 839.91 994.30 942.22 977.04 1019.51 903.91
934.30 616.28 614.05 947.06 869.75 699.81 986.04 940.85 941.53 1000.23 1005.52 859.99 956.77 719.72 705.69 649.63 764.04 820.14 887.93 517.53 12.17 876.39 848.01 130.23 70.69 889.69 937.32 873.47 845.28 1012.22 788.79 847.85 876.00 922.91 948.81 995.55 970.60 989.44 994.98 934.79 817.68 845.98 980.06 953.12 833.97 904.65 867.59 900.95 987.90 944.44 886.78 957.32 965.73 857.65 519.11 961.76 844.34 949.63 997.26 825.82 941.64 953.61 935.13 843.61 927.17 836.04 833.61 958.58 936.91 1015.95 940.65
972.42 693.18 887.54 1024.31 837.75 679.72 967.37 856.55 977.86 948.88 855.26 936.31 732.37 790.46 766.90 733.74 961.53 898.15 859.04 748.77 446.48 45.05 77.79 111.01 105.94 31.82 513.54 798.64 888.03 1022.61 966.62 837.26 703.39 827.53 913.63 952.02 935.16 1002.89 959.38 936.29 716.97 758.95 883.59 746.13 808.26 732.51 494.30 838.04 994.36 992.91 978.24 950.60 905.52 597.22 591.38 614.92 927.39 978.58 896.82 852.08 987.70 882.65 935.19 842.32 925.61 881.53 838.06 949.77 914.22 978.30 1000.53
368.31 409.09 950.40 965.79 928.21 759.88 688.78 951.80 1018.14 497.90 468.20 719.86 984.06 693.69 982.82 872.53 983.87 943.78 827.87 898.39 942.74 710.94 582.89 130.13 122.86 116.98 17.67 484.11 889.57 1022.23 901.32 771.91 865.84 917.96 873.70 885.06 858.98 968.18 906.00 877.12 555.36 820.60 703.71 445.57 771.92 936.28 928.03 893.26 919.17 960.18 925.84 916.45 850.23 561.05 482.78 556.75 929.74 929.91 870.90 911.12 954.33 770.63 825.93 836.70 818.77 865.81 867.60 914.25 864.53 934.18 836.20
897.87 763.41 699.29 981.44 1002.33 1012.55 766.65 1024.45 965.01 850.00 776.58 984.78 917.99 654.84 999.16 999.26 961.08 948.16 898.29 910.05 1004.11 680.05 726.09 917.55 916.03 934.22 168.73 13.86 881.88 980.71 803.87 811.94 974.16 1029.89 1018.86 994.01 856.65 937.01 663.60 621.56 762.32 962.10 987.45 975.98 940.69 792.79 871.81 953.37 949.23 1008.15 919.22 859.21 845.66 735.36 895.47 263.55 902.33 851.78 852.14 862.42 152.47 184.97 184.81 185.11 185.19 185.30 464.78 489.14 185.73 224.21 256.90
1021.06 855.16 690.81 621.13 918.18 988.59 664.57 1018.12 820.97 1015.08 922.67 951.78 740.05 746.61 851.14 974.92 974.65 962.89 1016.64 985.29 313.31 878.38 1009.69 997.75 953.46 906.84 574.58 220.87 64.63 31.72 446.00 908.05 981.38 925.90 972.07 950.35 855.46 756.64 617.87 985.27 969.58 781.21 482.17 493.09 770.86 886.67 901.76 873.03 890.75 963.87 868.20 900.16 810.31 986.63 986.64 738.77 314.96 561.53 535.20 151.96 996.91 992.45 988.06 974.86 931.71 862.41 539.18 824.35 939.30 180.93 224.37
1015.14 958.95 475.83 460.50 959.26 991.64 450.35 970.79 818.06 1016.92 947.16 916.12 1002.86 437.78 858.11 1012.76 880.32 803.55 968.84 866.30 521.50 976.29 977.11 961.25 953.09 931.02 517.80 517.72 286.30 116.17 17.79 937.21 875.97 943.54 949.71 956.35 721.02 698.88 996.25 957.42 999.82 971.73 976.85 962.74 994.15 991.02 988.49 958.46 999.35 932.11 503.52 669.73 959.23 999.40 989.88 833.53 347.56 365.68 151.88 916.07 1000.37 1017.74 1017.19 984.13 960.32 838.61 826.09 953.53 1006.37 928.58 842.92
983.62 821.53 864.72 690.44 946.63 954.67 748.75 683.94 857.80 1015.11 939.59 1000.42 953.86 654.30 916.31 1029.08 920.96 1001.99 837.30 663.66 714.38 633.67 983.60 1002.17 989.41 960.89 825.70 861.85 489.09 336.35 167.45 66.08 32.47 919.00 872.36 712.10 608.25 938.45 979.97 896.96 958.81 875.73 966.70 989.21 938.54 858.13 900.34 969.95 1009.85 969.86 942.62 889.18 869.76 997.55 953.86 341.78 332.96 149.81 846.14 937.16 989.45 1020.67 1017.26 990.88 950.62 619.74 648.99 448.43 1008.46 969.81 814.15
