Data/ASC_file/zhimenda_DEM.asc
ncols           679
          nrows           333
          xllcorner      90.54720
          yllcorner      32.43537
          cellsize        0.01000
        NODATA_value  -9999.00000
[rows 30 to 59 of 333, columns 66 to 131 of 679]
-9999.00 -9999.00 -9999.00 -9999.00 -9999.00 -9999.00 -9999.00 -9999.00 -9999.00 -9999.00 -9999.00 -9999.00 -9999.00 -9999.00 5068.00 5047.00 5047.00 5007.00 5031.00 5011.00 4981.00 4981.00 4974.00 4933.00 4924.20 4924.20 4924.20 4925.00 4925.10 4925.20 4925.30 4925.40 4925.50 4925.60 4928.00 4947.00 4973.00 5003.00 5042.00 5042.00 5018.00 5036.00 -9999.00 -9999.00 -9999.00 -9999.00 -9999.00 -9999.00 -9999.00 -9999.00 -9999.00 -9999.00 -9999.00 -9999.00 -9999.00 -9999.00 -9999.00 -9999.00 -9999.00 -9999.00 -9999.00 -9999.00 -9999.00 -9999.00 -9999.00 -9999.00
-9999.00 -9999.00 -9999.00 -9999.00 -9999.00 -9999.00 -9999.00 -9999.00 -9999.00 -9999.00 -9999.00 -9999.00 -9999.00 -9999.00 5048.00 5004.10 5004.00 4984.00 5008.00 5020.00 5020.00 4998.00 4948.00 4935.00 4924.10 4924.10 4924.20 4925.00 4926.00 4926.00 4925.30 4925.40 4925.50 4925.60 4931.00 4928.10 4943.00 4959.00 4959.00 4987.00 4969.00 4977.00 -9999.00 -9999.00 -9999.00 -9999.00 -9999.00 -9999.00 -9999.00 -9999.00 -9999.00 -9999.00 -9999.00 -9999.00 -9999.00 -9999.00 -9999.00 -9999.00 -9999.00 -9999.00 -9999.00 -9999.00 -9999.00 -9999.00 -9999.00 -9999.00
-9999.00 -9999.00 -9999.00 -9999.00 -9999.00 -9999.00 -9999.00 -9999.00 -9999.00 -9999.00 -9999.00 -9999.00 -9999.00 -9999.00 5020.00 5047.00 5020.00 4983.20 4983.10 4983.00 4983.00 4965.00 4936.00 4928.00 4924.00 4925.00 4925.00 4932.00 4929.00 4929.00 4931.00 4929.00 4931.00 4933.00 4940.00 4935.00 4934.00 4934.10 4947.00 4956.00 4986.00 4985.00 -9999.00 -9999.00 -9999.00 -9999.00 -9999.00 -9999.00 -9999.00 -9999.00 -9999.00 -9999.00 -9999.00 -9999.00 -9999.00 -9999.00 -9999.00 -9999.00 -9999.00 -9999.00 -9999.00 -9999.00 -9999.00 -9999.00 -9999.00 -9999.00
5087.00 5087.00 5102.00 5031.00 5046.00 -9999.00 -9999.00 -9999.00 -9999.00 -9999.00 -9999.00 5146.00 5119.00 5035.00 5035.00 5037.00 5013.00 4999.00 4992.00 4992.00 4968.00 4957.00 4924.00 4920.10 4920.10 4928.00 4931.00 4948.00 4948.00 4936.00 4934.00 4938.00 4943.00 4943.00 4953.00 4956.00 4969.00 4969.00 4993.00 4985.00 5013.00 5005.00 -9999.00 -9999.00 -9999.00 -9999.00 -9999.00 -9999.00 -9999.00 -9999.00 -9999.00 -9999.00 -9999.00 -9999.00 -9999.00 -9999.00 -9999.00 -9999.00 -9999.00 -9999.00 -9999.00 -9999.00 -9999.00 -9999.00 -9999.00 -9999.00
5015.00 4998.00 5023.00 4970.00 4970.00 4969.00 4986.00 5038.00 5077.00 5038.00 5071.00 5079.00 5103.00 5033.00 4992.00 4985.00 4961.00 4933.00 4933.00 4937.00 4944.00 4941.00 4920.00 4920.00 4936.00 4942.00 4948.00 4972.00 4973.00 4961.00 4949.00 4936.00 4936.10 4944.00 4960.00 4959.00 4959.00 5005.00 5023.00 5044.00 5032.00 5032.00 5043.00 -9999.00 -9999.00 -9999.00 -9999.00 -9999.00 -9999.00 -9999.00 -9999.00 -9999.00 -9999.00 -9999.00 -9999.00 -9999.00 -9999.00 -9999.00 -9999.00 -9999.00 -9999.00 -9999.00 -9999.00 -9999.00 -9999.00 -9999.00
4976.00 4964.00 4961.00 4932.00 4934.00 4943.00 5003.00 5042.00 5042.00 4966.00 4981.00 4988.00 4993.00 4987.00 4962.00 4950.00 4944.00 4944.00 4918.00 4910.00 4911.00 4913.00 4919.00 4940.00 4999.00 4984.00 4984.00 5066.00 5008.00 5004.00 4968.00 4968.00 4950.00 4949.00 4984.00 4984.00 4977.00 4997.00 5013.00 5031.00 5031.00 5044.00 5053.00 -9999.00 -9999.00 -9999.00 -9999.00 -9999.00 -9999.00 -9999.00 -9999.00 -9999.00 -9999.00 -9999.00 -9999.00 -9999.00 -9999.00 -9999.00 -9999.00 -9999.00 -9999.00 -9999.00 -9999.00 -9999.00 -9999.00 -9999.00
4958.00 4944.00 4936.00 4917.00 4915.00 4917.00 4934.00 4934.00 4944.00 4911.00 4925.00 4927.00 4927.00 4944.00 4952.00 4907.00 4907.00 4907.10 4907.20 4907.30 4907.40 4915.00 4935.00 4974.00 5089.00 5089.00 5104.00 5083.00 5022.00 5057.00 5057.00 5014.00 4984.00 4998.00 5077.00 5039.00 5006.00 5037.00 5041.00 5025.00 5054.00 5080.00 5100.00 -9999.00 -9999.00 -9999.00 -9999.00 -9999.00 -9999.00 -9999.00 -9999.00 -9999.00 -9999.00 -9999.00 -9999.00 -9999.00 -9999.00 -9999.00 -9999.00 -9999.00 -9999.00 -9999.00 -9999.00 -9999.00 -9999.00 -9999.00
4954.00 4938.00 4938.00 4915.00 4907.00 4901.00 4901.00 4901.00 4905.00 4891.00 4917.00 4917.00 4913.00 4950.00 4910.00 4896.00 4932.00 4920.00 4907.20 4912.00 4912.00 4957.00 5005.00 5004.00 5078.00 5068.00 5124.00 5114.00 5073.00 5073.00 5111.00 5088.00 5074.00 5070.00 5079.00 5044.00 5017.00 5012.00 5012.10 5034.00 5084.00 5114.00 5133.00 5133.00 -9999.00 -9999.00 -9999.00 -9999.00 -9999.00 -9999.00 -9999.00 -9999.00 -9999.00 -9999.00 -9999.00 -9999.00 -9999.00 -9999.00 -9999.00 -9999.00 -9999.00 -9999.00 -9999.00 -9999.00 -9999.00 -9999.00
4989.00 4961.00 4941.00 4920.00 4920.00 4909.00 4899.00 4890.00 4885.00 4881.00 4880.00 4897.00 4892.00 4881.00 4879.30 4889.00 4907.00 4943.00 4943.00 4957.00 4978.00 5031.00 4998.00 4998.00 5034.00 5042.00 5082.00 5053.00 5034.00 5063.00 5129.00 5157.00 5157.00 5132.00 5025.00 5024.00 5024.00 5026.00 5027.00 5051.00 5102.00 5102.00 5146.00 5149.00 5142.00 -9999.00 -9999.00 -9999.00 -9999.00 -9999.00 -9999.00 -9999.00 -9999.00 -9999.00 -9999.00 -9999.00 -9999.00 -9999.00 -9999.00 -9999.00 -9999.00 -9999.00 -9999.00 -9999.00 -9999.00 -9999.00
5001.00 4981.00 4955.00 4954.00 4933.00 4917.00 4909.00 4893.00 4893.00 4879.00 4877.60 4894.00 4884.00 4879.20 4879.20 4897.00 4908.00 4908.00 4950.00 4981.00 5004.00 4973.10 4973.10 4973.10 4995.00 5032.00 5032.00 5020.20 5020.30 5020.40 5076.00 5076.00 5120.00 5078.00 5064.00 5064.00 5054.00 5065.00 5058.00 5113.00 5113.00 5130.00 5182.00 5159.00 5144.00 5071.00 5087.00 5044.00 5021.00 5021.00 -9999.00 -9999.00 -9999.00 -9999.00 -9999.00 -9999.00 -9999.00 -9999.00 -9999.00 -9999.00 -9999.00 -9999.00 -9999.00 -9999.00 -9999.00 -9999.00
5007.00 5016.00 4991.00 5002.00 4975.00 4935.00 4930.00 4930.00 4915.00 4878.00 4877.50 4890.00 4890.00 4879.10 4900.00 4920.00 4920.00 4959.00 4994.00 5030.00 5037.00 4981.00 4973.00 5065.00 5020.00 5020.00 5020.10 5020.20 5020.30 5020.40 5020.50 5035.00 5061.00 5121.00 5179.00 5121.00 5095.00 5115.00 5110.00 5139.00 5069.00 5103.00 5174.00 5112.00 5112.00 5027.00 4979.00 4973.00 4973.00 5017.00 -9999.00 -9999.00 -9999.00 -9999.00 -9999.00 -9999.00 -9999.00 -9999.00 -9999.00 -9999.00 -9999.00 -9999.00 -9999.00 -9999.00 -9999.00 -9999.00
4955.00 4986.00 4986.00 4990.00 4991.00 4937.00 4937.00 4924.00 4920.00 4877.40 4877.40 4877.40 4879.00 4887.00 4937.00 4937.00 4997.00 5035.00 5022.00 4989.00 4989.00 4913.00 4940.00 5059.00 5097.00 5104.00 5095.00 5024.00 5020.30 5020.40 5020.50 5056.00 5108.00 5144.00 5161.00 5157.00 5140.00 5187.00 5187.00 5166.00 5067.00 4997.00 5032.00 5032.00 5058.00 4958.00 4947.10 4947.10 4977.00 5024.00 -9999.00 -9999.00 -9999.00 -9999.00 -9999.00 -9999.00 -9999.00 -9999.00 -9999.00 -9999.00 -9999.00 -9999.00 -9999.00 -9999.00 -9999.00 -9999.00
4936.10 4936.00 4939.00 4925.00 4929.00 4929.00 4925.00 4906.00 4895.00 4877.40 4877.30 4877.30 4893.00 4915.00 4962.00 4953.00 4984.00 5024.00 4989.00 4989.00 4942.00 4904.10 4916.00 4981.00 5030.00 5106.00 5056.00 5039.00 5039.00 5020.40 5085.00 5088.00 5144.00 5175.00 5090.00 5119.00 5144.00 5144.00 5209.00 5136.00 5063.00 4986.10 4986.00 4988.00 5005.00 4947.00 4947.00 4968.00 5028.00 5089.00 -9999.00 -9999.00 -9999.00 -9999.00 -9999.00 -9999.00 -9999.00 -9999.00 -9999.00 -9999.00 -9999.00 -9999.00 -9999.00 -9999.00 -9999.00 -9999.00
5022.00 4971.00 4933.00 4917.10 4917.00 4901.00 4893.00 4890.00 4885.00 4880.00 4877.30 4877.20 4877.20 4928.00 4968.00 5007.00 4969.00 4983.00 4983.00 4947.00 4915.00 4904.00 4916.00 4916.00 4974.00 5030.00 5030.10 5030.20 5032.00 5080.00 5138.00 5140.00 5140.00 5183.00 5055.00 5034.00 5034.00 5085.00 5132.00 5060.00 5063.00 5063.00 5015.00 4943.00 4943.00 4936.10 4953.00 5023.00 5106.00 5056.00 -9999.00 -9999.00 -9999.00 -9999.00 -9999.00 -9999.00 -9999.00 -9999.00 -9999.00 -9999.00 -9999.00 -9999.00 -9999.00 -9999.00 -9999.00 -9999.00
5013.00 4985.00 4947.00 4950.00 4932.00 4904.00 4893.00 4884.10 4884.00 4894.00 4889.00 4887.00 4877.10 4903.00 4932.00 5026.00 5044.00 5044.00 4964.00 4907.00 4902.00 4909.00 4909.00 4917.00 5077.00 5062.00 5101.00 5108.00 5095.00 5139.00 5193.00 5193.00 5184.00 5218.00 5132.00 5132.00 5008.00 4987.00 5022.00 4947.00 4947.00 4944.00 4926.00 4931.00 4936.00 4936.10 4973.00 5099.00 5161.00 5161.00 -9999.00 -9999.00 -9999.00 -9999.00 -9999.00 -9999.00 -9999.00 -9999.00 -9999.00 -9999.00 -9999.00 -9999.00 -9999.00 -9999.00 -9999.00 -9999.00
5006.00 4978.00 4968.00 4955.00 4948.00 4921.00 4899.00 4899.00 4900.00 4897.00 4892.00 4877.00 4877.00 4880.00 4887.00 4949.00 4949.00 5025.00 5012.00 4926.00 4894.10 4931.00 4922.00 4920.00 5035.00 5035.00 5072.00 5108.00 5154.00 5191.00 5191.00 5266.00 5278.00 5198.00 5133.00 5164.00 5098.00 4995.00 4921.00 4921.00 4906.00 4912.00 4945.00 4948.00 4948.00 4939.00 5010.00 5151.00 5151.00 5135.00 -9999.00 -9999.00 -9999.00 -9999.00 -9999.00 -9999.00 -9999.00 -9999.00 -9999.00 -9999.00 -9999.00 -9999.00 -9999.00 -9999.00 -9999.00 -9999.00
5007.00 5007.00 5007.00 4974.00 4961.00 4937.00 4937.00 4924.00 4901.00 4901.00 4885.00 4885.00 4873.00 4858.00 4864.00 4864.00 4884.00 4925.00 4943.00 4894.00 4951.00 4979.00 4936.00 4920.10 5008.00 5102.00 5109.00 5090.00 5148.00 5148.00 5204.00 5247.00 5199.00 5131.00 5129.00 5159.00 5071.00 4955.00 4937.00 4889.00 4885.00 4928.00 4944.00 4944.00 4939.10 4962.00 5019.00 5019.00 5131.00 5164.00 -9999.00 -9999.00 -9999.00 -9999.00 -9999.00 -9999.00 -9999.00 -9999.00 -9999.00 -9999.00 -9999.00 -9999.00 -9999.00 -9999.00 -9999.00 -9999.00
5023.00 5023.00 4979.00 4980.00 4961.00 4961.00 4950.00 4932.00 4895.00 4909.00 4909.00 4880.00 4856.00 4851.00 4845.00 4849.00 4863.00 4860.00 4856.00 4856.00 4937.00 4989.00 4957.00 4935.00 4974.00 5037.00 5037.10 5037.20 5037.30 5069.00 5130.00 5124.00 5144.00 5132.00 5076.00 5196.00 5097.00 5097.00 4930.00 4868.00 4872.00 4908.00 4908.00 4945.00 4944.00 5014.00 5014.00 5040.00 5093.00 -9999.00 -9999.00 -9999.00 -9999.00 -9999.00 -9999.00 -9999.00 -9999.00 -9999.00 -9999.00 -9999.00 -9999.00 -9999.00 -9999.00 -9999.00 -9999.00 -9999.00
4952.00 4962.00 4935.00 4882.00 4876.00 4871.00 4873.00 4877.00 4806.00 4829.00 4831.00 4855.00 4864.00 4877.00 4818.00 4820.00 4832.00 4832.00 4828.00 4833.00 4848.00 4881.00 4881.00 4958.00 5057.00 5104.00 5119.00 5138.00 5089.00 5052.00 5041.20 5041.10 5041.00 5021.00 4980.20 4980.10 5066.00 5006.00 4847.00 4842.00 4842.00 4854.00 4902.00 4948.00 4993.00 5049.00 5059.00 5014.10 5025.00 -9999.00 -9999.00 5192.00 5207.00 5187.00 5147.00 5108.00 5093.00 5157.00 -9999.00 -9999.00 -9999.00 -9999.00 -9999.00 -9999.00 -9999.00 -9999.00
4875.00 4888.00 4823.00 4815.00 4812.00 4816.00 4809.00 4809.00 4805.20 4832.00 4840.00 4824.00 4824.00 4838.00 4814.00 4816.00 4816.00 4824.00 4826.00 4824.00 4830.00 4830.00 4872.00 4894.00 5020.00 5020.00 5076.00 5138.00 5100.00 5069.00 5069.00 5070.00 5079.00 5083.00 5074.00 5026.00 4980.00 4928.00 4836.00 4836.00 4830.00 4851.00 4911.00 4943.00 4943.10 5052.00 5016.00 5029.00 5046.00 -9999.00 -9999.00 5081.00 5084.00 5095.00 5095.00 5028.00 5014.00 5031.00 5031.00 -9999.00 -9999.00 -9999.00 -9999.00 -9999.00 -9999.00 -9999.00
4823.00 4826.00 4807.00 4805.70 4805.60 4805.50 4805.40 4805.30 4805.20 4805.10 4807.00 4807.00 4807.10 4809.00 4812.00 4812.10 4812.20 4817.00 4819.00 4815.00 4814.00 4817.00 4844.00 4854.00 4879.00 4946.00 4942.00 5053.00 5103.00 5103.00 5022.00 5045.00 4981.00 5011.00 5059.00 5044.00 5017.00 4901.00 4914.00 4827.00 4820.00 4848.00 4916.00 4971.00 4971.00 5017.00 4990.00 5058.00 5058.00 5084.00 5135.00 5112.00 5010.00 5010.00 5031.00 4977.00 4942.00 4942.00 5045.00 5176.00 5159.00 5145.00 5145.00 5204.00 5194.00 -9999.00
4808.00 4808.00 4805.70 4805.60 4805.60 4805.50 4805.40 4805.30 4805.20 4805.10 4805.00 4815.00 4813.00 4812.00 4812.00 4813.00 4812.20 4812.30 4815.00 4815.00 4814.00 4808.00 4817.00 4832.00 4853.00 4873.00 4860.00 4883.00 4883.00 4921.00 4917.00 4936.00 4851.00 4851.00 4877.00 4918.00 4979.00 4914.00 4907.00 4827.00 4819.00 4875.00 4930.00 4930.00 5013.00 5035.00 4932.00 4932.00 5065.00 5080.00 5012.00 5023.00 5023.00 4930.00 4927.00 4971.00 4877.00 4872.00 4976.00 5006.00 5045.00 5045.00 5146.00 5050.00 5031.00 5044.00
4805.90 4805.80 4805.70 4805.60 4805.50 4808.00 4807.00 4805.30 4814.00 4814.00 4809.00 4804.80 4804.70 4804.60 4809.00 4831.00 4819.00 4813.00 4813.00 4816.00 4814.00 4813.00 4803.10 4803.00 4821.00 4804.00 4823.00 4823.00 4844.00 4845.00 4836.00 4841.00 4797.00 4797.00 4835.00 4872.00 4922.00 4922.00 4861.00 4816.00 4806.00 4852.00 4852.00 4936.00 4951.00 5036.00 5036.00 4923.00 5000.00 4979.00 4858.00 4858.00 4868.00 4836.00 4820.00 4829.00 4790.00 4809.00 4854.00 4945.00 4945.00 5006.00 4965.00 4975.00 4952.00 4952.00
4805.90 4805.80 4805.70 4805.60 4805.50 4805.40 4805.30 4810.00 4810.00 4818.00 4822.00 4828.00 4818.00 4804.60 4804.50 4809.00 4813.00 4813.00 4813.00 4814.00 4812.00 4810.00 4810.00 4803.00 4799.00 4792.00 4799.00 4799.00 4812.00 4826.00 4830.00 4811.00 4822.00 4787.60 4787.50 4805.00 4805.00 4852.00 4816.00 4800.00 4806.00 4806.00 4806.10 4845.00 4863.00 4913.00 4935.00 4882.00 4878.00 4848.00 4793.00 4800.00 4768.00 4776.00 4797.00 4780.00 4781.00 4844.00 4893.00 4893.00 4927.00 4948.00 4886.00 4890.00 4890.00 4883.00
4805.90 4805.80 4805.70 4805.60 4805.50 4805.40 4805.30 4805.20 4805.10 4807.00 4810.00 4811.00 4811.00 4804.60 4804.50 4804.40 4804.40 4804.40 4809.00 4816.00 4814.00 4814.00 4807.00 4801.00 4789.00 4788.40 4788.30 4788.20 4789.00 4806.00 4834.00 4834.00 4803.00 4787.60 4787.50 4787.40 4787.30 4795.00 4789.00 4790.00 4790.00 4817.00 4873.00 4854.00 4883.00 4886.00 4851.00 4813.00 4803.00 4803.00 4777.00 4795.00 4747.10 4747.00 4747.00 4757.00 4767.00 4818.00 4818.00 4828.00 4842.00 4892.00 4819.00 4819.00 4822.00 4829.00
4805.90 4805.80 4806.00 4805.60 4805.50 4805.40 4805.30 4805.20 4805.10 4805.00 4804.90 4804.80 4804.70 4804.60 4804.50 4804.40 4804.30 4804.30 4814.00 4817.00 4812.00 4812.00 4807.00 4803.00 4793.00 4794.00 4790.00 4788.20 4788.10 4796.00 4796.00 4828.00 4787.70 4787.60 4787.50 4787.40 4787.30 4787.20 4787.10 4787.00 4786.90 4786.90 4826.00 4875.00 4836.00 4918.00 4869.00 4810.00 4810.00 4786.00 4777.00 4771.00 4749.00 4749.00 4738.00 4737.00 4738.00 4738.00 4764.00 4789.00 4794.00 4822.00 4767.00 4766.00 4774.00 4780.00
4808.00 4808.00 4813.00 4805.60 4805.50 4805.40 4805.30 4812.00 4805.10 4805.00 4804.90 4804.80 4804.70 4804.60 4804.50 4804.40 4804.30 4804.20 4808.00 4812.00 4796.00 4797.00 4794.00 4792.00 4795.00 4788.40 4788.30 4788.20 4788.10 4788.00 4787.90 4787.80 4787.70 4787.60 4787.50 4787.40 4787.30 4787.20 4787.10 4787.00 4786.90 4786.80 4794.00 4794.00 4819.00 4929.00 4898.00 4898.00 4869.00 4812.00 4827.00 4784.00 4784.00 4764.00 4748.00 4729.10 4729.00 4726.70 4726.60 4746.00 4752.00 4752.00 4728.00 4738.00 4747.00 4753.00
4821.00 4816.00 4821.00 4809.00 4809.00 4808.00 4809.00 4805.20 4807.00 4807.00 4808.00 4804.80 4804.70 4815.00 4815.00 4809.00 4804.30 4804.20 4804.10 4804.00 4798.00 4794.00 4788.70 4788.60 4788.50 4788.40 4788.30 4788.20 4788.10 4788.00 4787.90 4798.00 4789.00 4789.00 4787.50 4787.40 4787.30 4787.20 4787.10 4787.00 4786.90 4786.80 4786.70 4786.60 4787.00 4885.00 4885.00 4930.00 4940.00 4898.00 4897.00 4897.00 4848.00 4787.00 4767.00 4754.00 4733.00 4726.70 4726.60 4726.50 4726.40 4726.30 4726.20 4726.10 4728.00 4728.00
4839.00 4834.00 4861.00 4838.00 4819.00 4814.00 4825.00 4830.00 4830.00 4830.00 4826.00 4824.00 4825.00 4829.00 4824.00 4819.00 4816.00 4816.00 4811.00 4812.00 4807.00 4800.00 4800.00 4797.00 4792.00 4791.00 4791.00 4788.20 4788.10 4788.00 4795.00 4798.00 4809.00 4804.00 4787.50 4787.40 4787.30 4787.20 4787.10 4787.00 4786.90 4786.80 4786.70 4786.60 4786.50 4786.50 4813.00 4846.00 4898.00 4884.00 4921.00 4931.00 4893.00 4825.00 4825.00 4733.10 4759.00 4825.00 4825.00 4769.00 4747.00 4755.00 4750.00 4750.00 4726.00 4715.00
4850.00 4847.00 4853.00 4838.00 4829.00 4821.00 4819.00 4826.00 4838.00 4833.00 4832.00 4832.00 4832.00 4836.00 4832.00 4827.00 4827.00 4821.00 4817.00 4817.00 4811.00 4811.00 4805.00 4802.00 4794.00 4798.00 4797.00 4791.00 4788.10 4791.00 4791.00 4794.00 4797.00 4787.60 4787.50 4787.40 4787.30 4787.20 4787.10 4787.00 4786.90 4786.80 4786.70 4786.60 4786.50 4786.40 4787.00 4824.00 4824.00 4829.00 4847.00 4852.00 4887.00 4887.00 4836.00 4733.20 4760.00 4760.00 4828.00 4815.00 4763.00 4766.00 4789.00 4769.00 4742.00 4716.00
