Data/ASC_file/zhimenda_FreedomWaterCapacity.asc
ncols           679
          nrows           333
          xllcorner      90.54720
          yllcorner      32.43537
          cellsize        0.01000
        NODATA_value  -9999.00000
[rows 68 to 101 of 333, columns 380 to 455 of 679]
9.79 9.17 8.73 8.37 7.78 7.17 6.97 6.90 6.78 6.55 6.42 6.18 5.88 5.88 5.69 5.69 4.78 2.56 24.24 25.06 25.77 21.75 22.94 7.59 8.06 7.89 3.42 2.55 16.27 18.64 21.15 7.17 20.70 10.03 7.65 24.69 23.35 25.84 26.41 25.29 24.32 22.83 23.85 23.23 25.66 24.59 25.57 22.21 23.15 24.59 25.31 25.51 25.55 25.69 24.11 14.96 13.49 22.78 25.52 24.45 25.20 22.61 9.44 25.18 25.67 23.93 21.64 23.98 19.27 24.39 21.10 23.35 24.69 25.05 23.33 22.37
11.42 10.85 10.29 9.83 9.41 8.89 8.33 8.00 7.79 7.61 7.40 7.22 7.01 6.77 6.62 6.05 3.87 12.15 10.88 14.27 22.32 22.14 25.54 25.25 23.22 25.98 24.24 20.97 3.42 3.42 2.54 22.09 24.78 25.00 13.09 2.47 14.72 22.93 24.08 24.53 22.79 23.92 25.54 24.76 24.20 23.45 23.93 21.63 24.14 23.80 23.92 24.24 24.03 22.07 22.65 25.28 25.68 22.09 22.49 21.57 24.52 24.94 22.87 16.39 20.76 25.39 24.58 17.15 17.01 21.41 20.15 19.92 21.60 14.04 24.49 22.88
12.21 11.96 11.65 11.22 10.78 10.37 9.92 9.43 9.04 8.74 8.50 8.27 8.06 7.85 7.20 5.00 12.35 13.45 13.68 11.87 14.54 14.91 15.61 26.32 25.84 24.83 24.35 22.73 21.91 23.45 9.03 20.77 25.52 25.27 23.33 9.12 2.45 14.53 22.96 12.68 15.64 22.47 22.98 22.63 23.50 23.90 21.25 23.22 22.84 22.01 22.52 23.57 22.34 23.21 20.34 24.71 24.80 22.35 24.06 19.61 25.03 25.95 19.73 18.83 16.29 25.23 22.29 23.49 15.96 21.00 24.08 25.84 24.45 24.89 23.95 24.18
12.42 12.54 12.21 11.92 11.64 11.43 11.17 10.81 10.39 10.00 9.68 9.36 9.04 8.45 6.24 12.04 12.97 13.63 14.40 14.76 13.31 16.54 14.43 19.86 23.06 23.84 25.58 24.37 22.17 24.34 9.05 23.34 25.22 25.74 24.05 24.60 10.48 2.44 13.54 12.32 19.80 17.86 16.65 12.79 22.16 23.49 20.67 20.19 21.33 21.97 21.09 21.85 23.33 23.82 19.56 24.62 23.77 23.80 23.34 21.22 24.71 19.89 14.54 14.17 21.73 24.70 23.70 15.20 19.54 20.71 20.09 24.40 21.86 25.23 25.53 19.51
19.82 12.04 11.80 11.80 12.13 12.26 11.88 11.56 11.31 11.09 10.42 9.68 9.57 7.58 11.95 12.55 13.07 13.89 14.85 15.75 16.88 13.16 13.52 21.75 23.43 21.29 24.02 25.21 25.73 25.44 9.07 24.32 24.32 23.37 25.56 24.67 15.04 11.74 2.45 12.42 23.41 24.74 23.99 24.36 19.86 21.32 18.72 19.24 23.34 22.76 21.65 21.85 22.20 22.53 20.58 24.60 23.38 22.61 22.98 22.16 17.08 15.69 15.67 14.43 16.02 14.09 16.61 19.28 21.79 19.76 23.20 18.87 20.22 25.36 23.11 20.20
20.17 19.78 20.26 25.99 24.54 11.91 11.55 11.58 11.88 11.60 8.92 22.36 9.52 12.29 12.28 12.52 13.18 14.23 15.49 17.06 15.81 14.88 11.51 22.88 13.32 22.04 22.32 19.06 23.92 23.71 9.09 23.59 12.87 20.11 25.87 25.54 26.30 23.87 12.76 2.46 13.50 23.68 22.29 23.79 23.26 14.07 20.50 18.04 21.91 20.94 22.09 21.90 22.64 20.43 21.04 22.01 23.09 22.50 20.97 13.47 9.06 23.18 22.25 22.12 22.49 19.89 22.43 22.36 24.36 21.08 16.96 20.50 19.63 24.59 22.61 23.77
18.95 25.43 26.79 26.16 24.31 17.68 23.48 24.23 21.15 9.64 22.15 23.69 24.27 12.44 12.18 12.51 13.34 14.82 17.05 15.69 15.22 14.79 14.04 12.40 10.79 25.03 23.34 25.46 24.21 20.61 9.31 10.74 23.51 23.58 18.23 12.79 13.02 13.61 13.46 10.54 2.44 14.17 14.28 21.98 24.46 24.50 23.40 17.26 20.09 20.86 20.84 19.41 18.53 18.97 15.15 15.43 15.32 14.87 12.54 22.14 21.02 25.34 23.29 24.02 23.73 21.21 21.48 22.56 24.94 24.02 23.44 22.70 23.65 18.66 13.37 25.38
19.22 25.99 26.36 25.05 18.66 22.39 22.52 26.34 23.25 10.81 25.72 25.34 26.10 12.18 12.15 12.46 13.61 23.46 15.34 15.17 14.64 14.38 14.24 13.93 12.80 10.12 22.75 23.16 18.59 8.59 13.03 12.29 23.72 25.57 21.19 22.82 16.25 13.71 9.95 25.37 25.47 3.82 13.68 23.58 24.46 25.18 22.82 18.65 18.35 20.33 21.61 20.46 15.27 16.02 15.52 17.60 21.73 24.67 22.64 21.00 23.17 25.79 24.36 24.12 24.03 23.46 23.09 23.00 24.52 25.34 25.42 24.39 24.00 23.17 22.79 26.22
19.25 18.48 26.32 21.40 19.37 23.86 23.50 25.11 18.30 18.29 26.17 24.45 26.60 12.36 12.12 12.18 21.43 25.14 22.68 14.20 14.23 14.32 13.92 13.48 12.80 10.66 15.41 16.63 8.71 24.55 24.24 11.91 24.09 25.54 24.08 24.74 21.76 10.39 24.95 18.30 20.65 2.94 5.19 22.06 22.76 24.11 20.55 24.77 16.50 18.83 13.59 14.28 14.70 15.41 18.97 20.51 21.52 25.40 24.13 22.74 22.51 23.45 25.30 24.07 22.99 25.38 24.07 22.73 24.17 24.92 25.92 25.87 25.08 25.55 24.27 26.52
25.09 19.19 26.65 21.14 22.31 21.87 23.96 23.97 18.62 17.22 18.99 23.96 25.46 12.67 12.15 11.79 24.55 25.28 23.39 24.50 22.90 13.54 12.83 12.57 10.25 25.06 25.26 23.79 19.96 18.35 25.60 24.29 17.94 25.81 24.97 24.64 20.94 11.63 19.83 17.66 13.16 11.04 2.58 6.06 24.59 22.37 22.61 24.58 24.97 11.98 15.09 16.96 21.29 22.52 21.52 21.59 23.48 19.20 23.52 23.74 22.64 24.34 21.81 24.57 23.78 24.97 25.78 25.50 23.35 22.92 25.07 25.85 25.77 24.89 25.31 25.04
24.84 20.52 25.76 20.68 20.19 22.56 24.36 24.92 21.11 20.96 20.39 25.07 23.90 20.75 11.76 17.05 21.19 25.92 24.43 24.80 23.23 22.91 18.60 20.29 12.03 21.36 25.47 21.35 23.93 18.58 24.67 25.31 18.55 18.84 25.89 23.89 20.35 20.68 25.18 17.27 21.11 20.98 11.64 2.43 23.86 7.99 3.80 2.93 14.09 23.56 24.18 23.16 21.62 24.38 23.28 24.45 21.98 21.53 20.45 20.02 19.15 20.07 13.70 22.80 22.29 22.44 23.26 20.42 21.76 25.26 23.40 24.45 25.23 24.49 25.31 23.14
24.72 22.35 24.44 26.49 22.45 23.83 26.75 26.89 26.79 20.89 24.88 26.93 26.26 25.42 20.67 18.51 22.84 18.65 23.96 26.89 25.44 24.70 25.85 21.20 22.79 21.86 20.92 22.17 17.57 19.21 25.46 20.06 20.88 24.14 25.79 23.84 25.47 20.72 24.60 18.21 25.65 25.47 25.08 22.69 9.82 23.09 22.25 5.17 2.57 25.31 23.87 25.21 25.53 25.77 26.00 26.04 20.84 21.76 22.97 23.09 25.11 24.37 23.42 24.72 25.00 23.69 12.48 25.04 24.93 23.63 24.40 21.90 19.62 20.40 20.35 19.37
23.66 23.98 25.27 24.07 20.52 23.90 21.13 24.20 22.98 19.66 23.47 26.33 26.89 25.17 17.94 18.88 24.24 22.13 22.82 24.20 25.35 26.16 26.28 21.37 24.34 24.55 23.42 24.64 22.34 18.97 21.40 21.81 12.86 22.06 25.99 25.78 23.92 24.81 15.45 25.26 23.13 25.22 24.37 22.56 22.64 20.31 23.80 21.00 6.05 2.41 13.98 23.95 23.83 24.87 25.67 25.33 19.74 25.04 25.85 24.19 25.62 24.17 21.14 22.62 22.40 24.37 19.04 25.26 23.89 22.15 25.62 23.11 17.21 23.06 18.81 25.20
25.44 25.63 26.30 25.80 24.81 22.80 25.03 19.16 17.40 24.05 23.64 22.53 25.79 21.41 19.29 20.11 26.17 24.56 24.29 24.81 24.69 24.11 19.75 24.80 24.32 24.69 24.37 24.41 22.69 22.07 22.26 24.19 21.49 17.25 21.59 24.69 23.22 26.00 10.44 10.34 24.89 26.06 23.17 24.63 20.95 21.73 24.46 22.17 23.31 24.97 2.41 22.85 24.99 25.20 24.12 25.09 18.68 24.30 22.38 25.08 24.64 25.45 21.85 22.54 22.91 18.93 25.34 23.50 21.60 24.73 26.09 18.66 23.43 19.07 24.44 24.90
24.12 24.33 25.78 26.71 23.29 24.97 23.28 22.85 23.95 24.91 24.77 24.75 23.41 18.92 19.45 20.98 25.79 25.89 26.07 22.84 24.62 21.44 12.96 24.93 22.87 25.17 25.52 23.56 23.45 24.64 23.03 24.99 23.09 22.61 21.08 18.01 17.38 10.14 19.29 17.79 24.79 26.26 24.34 24.80 21.31 24.44 23.78 21.46 23.08 25.25 21.31 3.27 3.78 2.91 23.69 25.69 20.04 23.46 22.33 23.96 23.92 23.53 21.68 22.79 19.75 25.43 25.61 20.93 23.20 25.27 25.54 17.40 17.84 20.98 24.41 24.79
24.64 21.89 24.73 26.77 25.98 25.93 25.68 24.76 24.80 26.95 25.27 22.71 22.98 23.56 21.69 19.22 21.88 25.14 26.67 26.25 25.98 24.90 21.81 26.02 24.29 25.44 25.71 23.64 24.70 24.58 24.32 24.44 22.72 24.81 23.58 20.71 17.46 22.37 21.87 15.45 21.23 26.03 25.84 26.37 23.07 25.50 23.49 24.78 23.48 21.30 22.57 15.32 23.55 4.65 5.01 22.71 21.65 22.04 22.37 22.76 25.87 21.15 22.59 20.93 17.99 25.60 21.31 19.65 24.15 24.89 23.97 25.44 17.13 21.18 23.03 25.46
23.09 20.78 24.79 23.04 25.07 25.92 26.64 26.63 26.41 26.18 24.18 23.60 24.64 24.04 22.31 24.08 21.00 22.28 13.78 24.14 25.78 26.34 25.25 25.93 25.87 23.79 23.57 23.15 26.05 21.86 26.02 23.86 23.37 25.19 22.68 23.02 21.29 24.83 23.35 21.36 17.52 18.57 12.48 25.13 25.09 26.16 26.16 24.59 24.46 23.70 21.75 19.58 24.41 20.31 21.28 3.27 3.27 8.18 8.50 21.18 25.25 23.70 24.18 17.70 21.51 25.04 19.19 23.25 23.61 24.16 21.29 23.28 16.59 19.71 23.32 22.94
22.61 20.56 20.35 22.82 24.10 25.33 25.23 25.72 25.17 25.66 25.68 26.03 26.04 24.75 23.03 25.11 23.42 22.41 24.52 23.04 13.18 19.50 24.17 17.53 24.00 23.16 25.21 23.54 25.97 26.29 26.14 25.83 26.25 24.90 24.02 22.88 23.13 25.31 23.04 23.56 22.57 22.86 10.67 11.86 12.90 25.76 24.96 26.04 25.58 25.28 23.32 23.80 24.84 22.75 24.20 23.86 23.60 25.09 21.55 2.40 12.84 23.66 23.85 17.02 24.94 25.30 19.75 24.18 23.62 23.47 23.77 17.04 16.82 22.49 22.77 19.30
23.53 16.15 16.97 22.10 23.86 24.81 25.09 24.38 24.55 24.88 25.75 25.93 25.55 25.38 23.84 24.79 24.81 23.70 24.94 24.65 21.25 23.52 18.36 22.83 11.36 16.94 20.39 25.04 24.18 24.82 24.93 24.62 26.50 26.09 24.25 25.17 23.32 24.00 23.82 24.15 25.15 24.57 21.85 19.38 11.23 12.55 19.50 25.23 25.48 25.75 26.45 24.18 26.11 25.17 24.45 24.71 24.36 25.18 25.16 23.27 7.87 19.87 18.45 23.59 26.01 24.73 17.74 20.06 21.31 16.88 17.09 15.44 16.12 25.00 16.40 19.61
24.70 19.40 25.41 19.71 21.72 23.76 22.43 24.15 22.56 23.86 25.25 24.07 25.34 26.12 26.07 25.57 25.90 25.28 25.18 24.86 21.63 24.20 22.11 25.19 21.08 23.66 12.73 23.49 24.11 24.65 21.89 23.74 24.91 25.58 25.88 25.12 24.98 25.00 25.26 24.02 25.38 21.75 23.46 25.17 24.26 23.57 16.24 20.98 21.23 21.78 25.10 25.86 26.04 26.46 26.58 25.97 24.05 21.80 13.25 25.50 3.27 18.70 18.41 23.38 21.28 24.19 16.68 25.21 24.08 9.41 15.38 20.94 21.63 15.85 19.90 24.14
23.17 17.78 24.65 24.95 21.53 20.12 21.28 23.46 21.42 23.06 22.20 23.32 24.75 25.92 26.60 23.55 25.57 26.48 25.52 22.12 24.52 22.31 24.58 22.65 24.64 24.30 20.05 10.66 16.80 22.65 10.83 9.82 20.93 24.48 25.75 26.46 26.16 26.59 26.31 26.66 24.95 23.37 24.95 22.71 24.90 22.54 24.71 22.78 23.60 14.17 13.48 20.75 21.68 25.50 24.70 26.24 25.27 23.88 25.93 22.65 6.15 19.98 20.06 16.71 18.55 19.26 20.03 14.70 25.91 15.39 21.71 22.18 22.33 19.33 22.41 22.73
23.07 18.75 23.97 23.70 21.97 25.89 22.58 23.14 22.48 22.42 22.13 23.00 24.26 26.07 25.25 24.48 26.13 26.52 26.60 26.39 26.41 26.29 24.67 25.46 24.62 23.81 23.88 22.62 23.80 9.58 20.89 11.44 10.08 17.62 24.58 26.45 24.86 26.43 25.85 26.27 27.08 26.88 26.35 26.48 25.90 24.98 24.36 25.18 25.92 25.80 12.24 24.09 11.68 16.62 22.63 26.45 26.22 26.79 26.06 24.06 8.67 21.89 18.20 18.13 17.80 18.89 20.21 16.65 17.49 16.64 22.17 24.18 21.13 23.03 23.68 24.42
23.28 18.07 18.01 20.77 20.75 21.75 21.77 23.73 20.13 20.94 22.20 22.82 22.27 23.50 21.62 22.91 23.89 22.97 23.59 25.16 25.46 25.21 26.52 26.89 25.23 26.72 26.64 26.68 25.46 26.28 24.68 23.13 24.56 23.71 16.83 24.76 22.18 23.27 24.54 24.08 24.85 25.19 24.54 25.72 24.70 26.08 25.06 26.43 25.18 23.48 22.65 21.64 23.86 24.51 19.09 17.53 22.80 25.34 23.53 24.29 3.78 6.70 3.81 25.50 26.19 25.24 9.26 15.07 17.60 25.70 23.81 22.98 24.53 25.07 26.03 25.30
20.18 13.51 12.86 16.07 20.17 21.27 22.05 22.06 19.82 20.67 21.69 22.31 21.47 23.41 20.72 22.60 21.31 22.48 22.89 23.69 24.46 25.87 23.42 27.00 24.24 23.89 23.43 24.56 26.34 25.14 23.57 25.04 25.19 24.86 10.32 13.48 8.84 20.28 23.12 24.00 23.06 22.92 23.07 25.19 24.04 23.09 25.54 26.50 24.10 17.85 21.84 25.01 22.99 21.57 25.10 24.30 14.81 22.64 17.65 16.49 23.29 21.20 3.26 23.89 26.31 24.10 7.96 19.60 22.62 17.79 19.48 20.81 22.81 24.23 24.82 26.19
12.99 16.66 16.24 13.21 13.47 21.17 21.10 19.18 19.44 20.80 21.44 20.83 20.97 23.40 20.25 22.32 20.78 21.99 22.18 23.04 24.37 23.21 22.40 26.18 24.44 24.05 21.45 25.14 26.15 24.44 25.09 26.52 25.42 25.30 21.61 22.47 23.71 16.82 9.19 23.02 23.31 21.18 23.84 24.83 20.74 23.26 25.63 25.98 26.05 26.60 24.26 25.92 24.89 24.51 22.69 21.70 19.28 17.83 16.79 22.85 19.76 20.42 3.76 22.74 14.93 16.47 22.11 23.91 24.21 22.68 22.61 23.64 24.00 25.37 23.60 25.75
21.20 23.52 20.36 17.96 7.50 11.71 21.97 18.51 17.23 19.85 19.87 18.58 21.49 23.56 20.55 19.76 21.04 21.48 22.40 23.64 22.34 24.62 21.79 24.87 23.47 21.63 25.44 26.32 26.02 24.14 23.93 26.10 25.36 25.92 25.03 23.99 25.49 23.97 10.85 16.61 16.95 8.70 23.80 23.34 18.10 24.24 24.65 24.89 26.06 25.21 26.38 25.64 26.35 25.29 26.80 24.09 22.58 20.85 24.12 22.89 21.59 19.33 4.27 5.47 16.74 22.66 23.01 25.20 22.90 24.84 22.65 24.51 25.84 23.92 24.07 24.62
22.51 22.57 21.44 19.04 21.90 20.03 13.24 10.72 21.89 21.58 21.56 17.17 21.11 22.60 18.82 20.14 21.00 21.62 23.12 21.78 21.88 23.16 21.40 22.76 22.07 21.88 24.47 25.32 26.96 23.61 24.28 25.40 25.45 22.62 26.39 25.19 26.09 22.83 24.16 25.03 25.09 16.54 8.45 21.25 23.21 23.72 22.91 24.30 22.67 24.84 26.50 25.01 26.08 25.46 26.72 25.25 22.95 24.20 24.70 24.00 22.88 18.17 3.19 4.43 5.45 24.46 25.21 22.04 23.75 25.12 24.13 24.11 24.37 22.44 23.10 24.69
22.35 23.81 21.45 19.53 22.21 20.99 15.41 15.23 9.16 19.34 18.36 18.96 21.04 21.19 18.87 20.14 21.07 22.22 21.15 21.69 22.17 23.53 20.52 22.19 21.09 22.50 23.71 25.16 22.15 22.43 23.62 25.49 26.57 26.65 23.17 24.22 24.63 25.34 24.29 25.88 24.90 22.77 11.99 16.57 18.28 23.89 23.46 21.39 22.53 25.39 22.80 23.96 22.60 24.38 26.19 26.01 24.14 27.46 25.98 25.00 23.22 19.10 22.14 3.75 18.26 25.32 22.23 24.24 24.86 24.63 26.09 26.03 25.50 22.82 22.74 21.92
25.63 24.12 21.51 23.28 21.40 21.03 19.78 19.94 22.94 13.75 11.85 21.57 24.43 20.82 17.54 19.63 21.38 20.68 21.17 21.53 22.58 20.51 21.28 21.89 21.04 22.42 23.38 23.22 21.44 22.73 23.33 25.28 24.06 26.27 20.72 23.29 26.14 25.42 26.27 24.01 22.22 22.92 25.17 24.09 15.20 24.40 21.77 22.21 25.61 24.72 16.97 12.35 20.17 24.09 25.02 26.51 26.12 26.16 26.32 25.31 22.84 25.35 23.45 3.75 3.71 22.19 21.49 23.23 24.54 25.50 25.85 26.03 23.48 22.79 21.59 22.22
25.39 23.74 25.91 22.60 21.65 21.02 19.94 24.00 22.18 21.81 13.60 11.84 20.45 24.53 17.95 18.74 20.71 20.32 20.45 21.44 22.35 20.41 19.99 21.47 21.63 22.19 22.05 22.50 20.40 21.78 23.59 22.28 23.65 24.88 20.81 26.58 25.16 25.17 25.56 25.07 24.24 25.58 23.61 25.06 9.52 11.78 20.16 23.51 25.40 18.90 24.41 22.68 25.32 24.43 23.36 24.22 25.45 25.37 25.31 25.12 26.93 25.09 23.65 3.21 15.23 14.27 21.55 22.42 23.52 24.78 23.93 25.73 21.00 11.94 13.89 15.14
25.75 24.59 22.59 21.81 23.16 21.15 22.64 23.08 22.01 21.76 18.28 21.68 13.64 14.36 20.56 17.81 19.03 19.93 19.85 21.21 22.37 19.03 19.50 21.58 22.12 21.56 21.63 22.05 19.95 22.18 23.32 21.79 22.75 22.82 25.87 22.35 24.34 24.58 25.00 25.50 25.25 26.27 24.31 26.00 25.13 23.42 8.03 23.91 25.73 19.57 24.19 25.69 26.04 24.65 16.23 23.72 24.97 24.63 22.23 24.20 23.93 24.78 23.53 3.72 14.39 23.98 11.77 13.36 14.81 8.05 21.83 22.98 13.46 22.31 19.35 22.50
24.90 26.07 22.46 23.77 22.20 23.25 24.09 22.71 21.98 20.66 17.18 22.37 20.77 7.75 12.05 18.35 19.23 19.04 19.96 20.72 21.89 16.51 17.71 22.14 21.17 21.78 21.57 22.16 20.76 22.73 22.04 22.20 22.85 23.53 23.49 23.14 24.47 24.45 25.82 25.13 25.29 26.85 26.44 26.59 26.03 24.51 13.89 15.70 22.12 20.63 24.26 24.77 26.24 23.91 25.61 22.28 24.83 24.62 24.83 25.48 25.70 24.79 23.64 3.72 3.71 26.05 25.26 23.82 24.41 21.32 13.31 13.23 22.15 19.77 24.38 24.85
22.33 24.68 24.04 24.92 26.00 24.58 22.81 23.78 22.58 25.75 25.06 23.61 20.98 20.91 14.66 12.69 14.02 13.41 2.41 5.57 5.32 5.26 4.39 4.90 18.80 17.63 18.26 20.68 14.93 17.25 19.40 20.96 22.10 21.39 23.48 21.23 22.68 23.81 22.83 23.48 24.31 24.95 24.19 24.05 26.36 25.31 24.45 26.18 14.72 20.32 22.71 24.24 25.22 24.66 25.39 20.40 12.11 18.89 18.54 23.24 23.26 22.88 25.43 8.84 21.56 26.85 25.33 26.96 27.58 26.72 24.47 21.53 23.83 20.68 25.89 26.00
25.71 26.15 25.39 26.37 25.45 20.79 24.91 20.12 24.01 21.96 22.35 24.52 21.19 21.86 21.25 15.24 13.47 6.00 9.86 7.47 4.33 21.27 19.74 18.18 5.96 4.33 1.49 3.74 2.00 2.51 1.36 16.94 22.39 21.91 19.32 20.41 21.82 21.14 22.38 23.03 23.70 25.34 22.45 23.56 24.96 24.97 25.88 24.84 12.35 22.49 24.55 26.04 24.72 24.38 23.36 23.44 26.07 25.04 21.22 17.76 18.39 23.55 22.22 3.21 25.31 26.90 24.55 24.62 24.73 26.15 23.36 24.04 24.96 21.63 19.62 25.39
