Data/ASC_file/zhimenda_VadoseZoneDepth.asc
ncols           679
          nrows           333
          xllcorner      90.54720
          yllcorner      32.43537
          cellsize        0.01000
        NODATA_value  -9999.00000
[rows 186 to 216 of 333, columns 284 to 354 of 679]
931.47 722.54 674.87 952.28 698.98 705.63 781.22 697.92 740.28 698.97 785.70 793.86 773.94 719.59 735.93 859.51 775.34 674.94 716.43 669.40 900.71 730.07 866.23 895.63 943.69 466.18 545.48 306.37 262.92 273.47 339.04 556.80 563.14 549.70 452.00 516.92 903.97 781.60 801.41 402.42 468.27 724.84 757.45 933.25 830.19 778.32 826.60 906.40 796.61 935.31 867.13 814.46 810.55 810.84 852.52 828.10 823.94 874.71 921.24 780.01 777.17 242.96 923.43 492.93 528.05 873.45 886.76 847.64 873.49 715.85 895.25
887.33 642.96 745.98 945.84 674.89 728.73 707.13 821.01 639.76 814.67 788.33 795.09 747.60 778.19 770.25 907.13 768.56 754.34 687.65 619.68 891.60 708.59 888.69 808.79 967.41 860.12 818.68 872.72 240.36 273.22 813.39 684.85 813.13 815.68 736.90 828.37 896.73 889.95 869.41 785.55 772.80 856.30 775.41 820.88 903.87 871.19 847.33 647.87 855.92 892.23 682.81 915.92 878.03 901.73 911.23 880.40 918.12 517.46 725.24 920.96 799.07 564.56 244.40 864.40 246.92 758.17 909.55 807.95 787.92 672.96 871.48
868.64 679.01 755.76 720.43 717.90 682.61 773.36 736.09 646.75 869.16 796.44 787.97 789.61 795.98 828.34 915.32 914.52 727.19 719.90 680.15 792.74 729.34 812.36 753.13 895.97 950.84 978.97 929.69 207.61 968.18 904.59 856.36 852.43 918.35 908.22 870.32 961.51 916.78 929.33 887.67 786.37 440.23 791.97 838.15 860.81 851.28 876.45 766.02 827.48 943.98 792.81 866.83 821.87 948.68 957.15 951.06 847.41 928.46 890.26 737.50 954.36 698.56 773.48 906.11 396.29 251.44 790.52 826.26 764.32 532.11 793.56
877.31 943.22 676.10 711.04 714.46 815.45 749.56 713.25 777.93 942.88 834.19 810.25 790.45 839.34 900.69 959.98 937.66 679.49 717.77 706.34 790.69 787.98 875.58 804.68 854.76 944.66 966.85 957.00 455.45 973.19 913.99 903.83 919.93 961.67 938.49 940.19 921.00 892.63 932.94 596.20 787.07 783.33 873.39 824.82 834.37 914.60 885.83 882.66 868.02 911.81 903.44 856.68 920.36 969.60 990.52 855.29 881.92 926.02 720.23 719.02 668.25 819.66 764.60 856.27 789.01 559.95 461.78 397.25 495.01 472.66 485.42
939.14 335.82 925.49 826.72 746.77 797.38 704.28 809.92 961.59 939.41 954.83 770.62 856.46 852.17 924.85 974.54 775.54 925.34 650.71 920.67 886.25 832.94 878.95 829.76 863.57 724.39 910.00 917.40 188.37 812.25 544.55 950.78 959.63 900.08 927.98 963.61 476.09 541.44 844.37 799.79 780.45 857.38 939.61 856.35 853.98 879.87 791.28 925.00 911.94 966.64 885.03 945.45 951.77 946.70 909.36 943.18 964.74 796.11 745.62 830.29 878.92 857.51 821.59 932.40 813.11 680.02 697.50 533.16 523.33 813.32 659.16
764.64 603.61 894.14 823.99 827.65 843.36 738.24 860.17 984.97 972.63 760.10 736.78 915.97 909.50 856.96 737.23 930.85 918.70 369.27 451.64 902.52 881.10 857.53 876.96 839.98 813.71 829.19 155.52 968.41 921.60 942.09 975.58 904.35 737.78 445.23 502.39 550.36 859.26 935.41 888.12 909.68 901.48 878.84 850.72 847.74 738.41 777.70 769.79 771.58 507.17 870.79 907.56 917.66 857.96 872.23 923.77 713.98 774.45 800.15 874.96 792.16 902.71 892.97 809.17 753.69 855.93 702.32 833.22 764.86 897.55 826.23
642.72 698.84 892.03 877.58 853.84 911.87 760.75 914.01 946.49 828.05 794.23 801.19 926.93 862.76 922.94 932.25 965.71 621.57 769.39 834.03 913.86 926.63 846.97 943.21 966.18 940.68 863.20 315.25 158.79 994.34 982.28 895.04 414.30 463.74 504.58 549.91 750.52 913.53 859.36 888.44 920.65 910.03 856.48 826.93 718.91 704.18 914.13 897.95 977.58 882.26 938.65 872.68 821.05 853.10 860.19 710.23 941.25 900.13 904.80 937.18 911.29 940.06 903.34 814.21 897.78 748.77 701.94 924.65 823.53 940.60 897.41
560.71 913.06 931.61 892.80 881.71 957.78 836.92 775.97 964.05 862.15 853.92 858.85 864.99 865.49 798.23 713.12 496.35 592.73 863.80 891.23 932.90 961.96 913.33 900.01 979.62 1010.58 931.25 1002.41 283.61 166.53 419.79 435.91 470.06 502.04 513.91 520.24 518.81 512.34 521.88 778.66 883.84 570.80 393.56 431.58 681.22 874.42 985.60 921.74 909.53 976.64 895.64 506.20 730.85 512.36 824.32 493.20 945.96 967.41 941.42 988.96 958.22 947.52 895.74 960.86 897.41 861.23 731.93 963.04 907.51 970.88 967.65
785.52 722.24 866.96 958.82 930.87 944.26 924.06 737.42 857.06 847.56 972.72 940.53 983.36 940.73 896.64 1018.90 709.73 883.62 969.10 965.40 945.95 876.37 967.13 1001.12 999.57 978.21 937.49 936.27 268.93 345.29 175.56 456.26 485.95 490.09 493.96 497.59 502.98 514.23 529.47 509.50 866.62 620.77 970.74 991.01 975.48 913.58 906.62 921.39 725.51 687.95 856.24 741.84 902.51 882.57 883.84 941.62 709.89 830.09 892.27 923.51 963.26 948.58 959.36 934.73 930.06 839.57 766.65 939.75 991.26 991.71 968.20
778.01 699.26 902.27 1005.64 1024.59 934.95 793.55 875.57 907.93 931.90 847.01 1008.02 1001.30 968.66 956.33 995.94 378.31 875.92 920.98 890.90 910.89 861.23 867.56 994.16 970.67 861.58 495.34 227.62 337.89 372.73 364.50 179.17 451.82 474.73 477.38 480.48 484.72 490.33 500.28 902.48 709.39 908.45 941.90 935.44 779.07 763.60 773.39 753.57 899.74 928.06 815.10 795.85 957.13 892.88 875.74 816.62 865.03 906.92 475.45 848.51 706.93 856.88 980.22 934.01 874.35 692.34 742.27 922.82 983.60 848.05 906.84
824.64 776.39 934.22 982.70 1015.44 927.70 960.65 964.00 824.28 781.11 923.55 939.39 928.18 976.00 983.25 874.08 380.10 936.06 998.92 972.34 972.11 986.83 863.11 885.77 801.76 496.55 245.09 327.66 358.08 373.98 388.97 364.63 181.67 441.97 463.79 464.90 465.73 465.96 464.24 451.30 443.40 475.58 708.27 802.07 801.03 692.02 952.23 952.83 951.00 903.16 888.76 790.76 919.44 960.53 943.28 914.62 771.78 806.57 913.81 780.53 894.78 953.16 989.55 974.58 916.03 992.00 880.62 906.69 993.65 895.37 917.97
872.50 809.12 656.32 513.29 990.07 878.61 937.42 883.14 504.97 498.38 488.01 481.13 422.85 811.95 924.96 550.26 941.98 941.18 882.74 899.73 999.18 937.75 939.78 718.16 926.47 279.58 323.23 345.30 358.01 375.40 393.77 396.47 347.57 185.53 434.76 454.62 454.54 454.03 452.59 455.25 465.66 471.96 464.71 454.32 459.10 886.34 971.44 987.77 868.24 902.19 798.77 817.43 968.69 955.44 937.82 786.85 818.36 785.60 763.76 878.38 979.62 992.99 960.28 924.92 978.45 932.74 840.46 875.89 936.31 889.65 942.28
862.04 794.19 859.58 837.97 929.45 674.13 485.35 742.66 604.08 491.73 486.32 482.02 458.04 696.35 709.51 665.45 933.96 812.77 947.91 816.93 818.44 754.05 729.23 934.64 797.55 331.69 336.63 345.06 358.36 377.22 399.34 407.11 380.20 322.91 193.07 431.07 450.17 450.62 451.92 454.56 455.19 454.49 453.98 459.11 474.67 660.75 904.92 597.19 370.66 617.30 423.08 790.36 897.62 770.69 811.94 849.86 892.22 815.43 801.02 835.09 943.67 903.60 900.18 922.33 923.24 874.09 818.30 867.56 778.15 860.26 899.07
766.50 936.28 918.87 944.41 945.80 819.31 845.43 951.38 646.63 769.12 877.42 983.48 978.72 985.60 953.61 420.55 462.46 889.23 951.81 959.74 817.92 943.49 985.24 932.74 900.88 331.44 335.96 344.50 358.42 378.84 404.68 420.53 391.13 348.21 301.18 207.53 431.79 450.19 449.86 449.37 448.81 449.72 449.77 448.37 442.41 430.26 681.08 893.53 901.84 785.55 365.88 659.42 410.71 762.56 918.59 802.68 886.09 709.78 802.85 824.99 954.11 873.47 886.92 881.87 854.34 810.05 812.79 806.26 728.56 815.84 851.97
930.80 1010.60 1001.56 990.69 927.40 945.59 931.83 954.75 895.77 839.68 917.56 906.73 942.23 882.04 407.79 523.90 844.50 930.29 981.50 1002.56 976.85 990.05 997.82 963.68 904.98 330.75 335.33 343.78 358.42 380.76 409.86 436.24 409.60 353.04 317.51 290.95 237.67 436.72 452.94 451.93 449.55 447.95 448.28 447.83 446.26 441.36 680.18 945.54 969.14 916.41 785.79 710.38 686.19 765.97 856.87 445.73 830.35 654.05 685.07 852.24 870.97 716.21 852.57 854.24 810.07 777.14 776.84 785.44 715.62 768.36 833.86
983.82 910.69 938.86 932.95 898.55 949.35 991.93 945.49 967.28 542.88 782.48 827.03 673.32 417.34 884.34 698.75 894.10 828.06 916.72 898.68 960.67 835.90 879.69 885.64 755.31 330.34 334.74 342.72 358.37 383.26 415.82 448.43 444.38 365.02 313.73 299.50 307.54 308.66 449.81 466.16 466.98 460.07 448.07 452.83 464.77 667.78 801.48 837.01 823.45 881.35 906.33 787.02 935.35 748.67 660.75 444.12 472.78 477.26 819.87 652.51 845.85 794.38 761.85 793.06 737.95 615.34 770.93 773.89 694.77 758.42 801.03
906.96 810.73 874.05 753.70 850.35 889.71 967.12 861.73 925.71 902.32 874.28 741.67 679.76 883.21 976.35 530.96 861.36 886.15 512.76 787.66 812.69 762.62 710.05 681.92 916.72 330.90 333.56 341.01 358.10 386.49 423.46 457.54 474.09 409.03 311.08 286.71 322.62 591.30 419.06 481.52 501.02 986.87 953.95 878.48 878.60 833.41 801.53 935.75 868.93 830.49 482.44 496.90 959.48 939.22 838.44 853.06 460.78 932.68 896.22 933.22 800.60 749.52 655.42 714.28 574.85 788.69 680.62 681.23 683.06 742.98 736.84
806.82 824.15 891.99 856.87 906.85 895.02 934.10 805.25 763.52 949.85 968.78 873.33 882.47 836.90 950.64 931.69 839.63 930.85 955.52 960.11 957.52 849.89 926.81 894.72 969.70 331.93 332.41 339.17 358.43 391.89 434.37 467.97 479.28 479.69 352.87 257.05 956.03 913.90 896.81 941.93 973.46 925.75 994.78 989.43 984.77 932.21 847.99 967.16 920.18 948.23 821.42 521.75 784.59 879.62 937.75 917.90 960.81 946.23 876.46 930.09 849.68 624.32 905.53 884.24 922.64 910.54 857.04 651.09 641.32 672.25 679.60
841.48 851.24 864.87 865.37 872.44 907.12 880.26 745.47 820.64 833.19 854.49 924.64 936.41 971.63 971.83 1005.76 888.68 880.94 555.15 867.64 849.83 845.11 763.10 917.79 821.81 333.15 330.50 336.09 359.11 400.28 448.73 477.57 483.24 482.03 480.29 289.61 205.13 539.65 804.98 927.17 707.68 797.81 940.25 875.75 959.38 985.89 906.91 1005.22 981.46 953.01 881.98 857.34 858.20 855.79 964.58 896.15 863.69 844.86 905.69 845.62 750.72 938.77 985.67 986.17 944.67 902.30 881.25 703.77 696.08 731.17 748.94
532.34 555.34 647.22 835.33 797.05 791.85 817.08 834.16 954.88 996.67 945.61 953.92 843.52 957.11 886.63 860.23 873.59 934.16 960.51 958.83 825.69 953.43 784.64 849.79 830.71 337.66 327.67 331.93 362.29 415.48 465.95 485.34 487.31 484.41 483.18 481.20 238.77 905.88 896.41 459.50 907.52 879.53 744.00 886.25 884.09 959.80 1021.32 932.90 965.88 983.19 997.95 1006.71 965.99 873.17 809.64 800.23 961.10 833.35 760.20 678.71 429.20 662.38 679.49 695.07 690.19 797.35 752.83 605.66 721.07 682.91 729.34
737.88 580.22 537.97 530.79 283.33 793.24 312.19 417.80 853.21 928.72 909.73 967.83 847.12 947.80 864.27 849.35 811.13 879.26 935.83 982.36 914.75 879.30 877.91 803.79 734.38 350.51 319.83 325.11 371.72 439.41 477.34 491.71 490.18 485.80 483.89 486.73 475.50 186.41 443.17 508.19 534.58 844.10 720.36 860.69 852.46 947.68 836.58 871.35 911.37 914.79 893.49 939.53 904.91 848.47 736.71 928.55 835.39 968.63 814.70 692.23 895.96 876.63 678.99 649.87 470.94 613.75 729.11 666.36 704.29 637.65 720.67
815.47 825.09 830.62 838.19 761.54 281.19 752.88 759.46 309.79 546.08 563.30 610.45 830.55 904.39 712.28 807.76 841.31 885.02 917.50 940.60 883.68 841.45 798.40 665.38 753.63 908.07 299.41 322.68 403.90 453.61 489.65 497.45 493.22 487.47 484.55 487.77 497.02 487.02 186.88 463.48 491.39 486.40 481.21 504.07 804.41 760.97 792.51 871.53 860.09 839.24 854.96 926.65 882.75 808.33 827.71 793.38 890.74 967.74 864.11 920.42 891.87 871.45 826.61 755.87 629.85 745.48 655.46 485.40 507.70 604.08 356.79
860.13 833.64 879.68 906.39 846.34 758.58 872.76 818.20 901.66 875.13 657.31 518.06 500.78 616.01 646.26 713.24 781.89 826.76 839.75 913.74 824.05 798.66 428.96 377.04 849.52 692.79 269.77 366.63 417.13 471.87 502.20 502.23 497.25 489.76 485.25 488.84 501.07 514.28 491.93 187.68 443.13 472.67 482.46 490.82 488.31 483.40 505.17 847.41 803.71 816.84 780.81 895.62 875.23 793.68 576.35 775.57 881.63 1000.24 891.95 958.77 863.82 853.21 855.95 683.85 758.03 648.26 732.40 236.70 743.50 420.22 613.65
932.30 896.57 877.03 933.79 906.47 842.56 784.38 872.34 822.57 783.58 758.56 701.71 902.92 570.94 584.98 562.21 548.57 761.64 786.36 837.94 685.76 699.03 632.90 818.31 642.74 229.51 330.87 376.93 432.38 501.11 507.73 506.87 501.99 492.21 485.07 488.93 505.62 524.72 523.71 481.79 188.46 425.86 457.35 462.71 470.32 482.78 496.43 496.32 489.95 495.16 684.10 767.85 827.41 661.41 953.78 879.37 925.65 958.28 947.30 921.69 929.02 814.10 875.75 895.70 653.27 253.59 288.48 718.88 390.36 598.67 654.75
1035.82 1034.02 955.26 947.60 925.08 813.74 878.63 876.68 831.44 799.14 743.09 889.70 807.45 803.54 588.67 527.08 676.09 622.58 652.81 685.79 710.61 643.25 848.02 821.08 252.12 324.59 345.49 378.23 488.08 511.54 512.00 511.56 508.32 495.64 483.86 487.72 511.88 540.70 535.65 511.64 465.11 189.60 403.37 434.27 441.39 449.41 459.13 471.88 496.30 554.98 888.85 710.64 639.17 928.87 996.45 879.74 963.98 917.91 839.61 1003.48 850.81 773.33 568.44 800.70 436.32 320.46 563.94 847.95 787.13 657.35 695.86
940.95 800.77 967.70 993.09 757.20 842.99 917.15 914.49 867.31 807.15 897.20 869.25 818.19 778.35 778.24 574.02 594.91 611.76 647.05 642.65 789.80 892.80 845.61 516.71 485.28 534.03 318.46 454.67 510.69 519.04 515.49 515.80 516.73 502.10 481.05 483.85 524.01 570.54 547.92 520.05 492.22 448.43 191.38 379.68 408.46 413.16 419.79 427.76 439.75 459.80 895.14 890.84 679.79 409.64 825.43 845.87 925.70 871.30 852.59 960.44 595.08 403.55 534.02 532.44 827.66 831.13 846.21 821.09 799.67 796.51 796.70
981.95 944.30 880.34 877.41 792.49 941.19 922.37 996.22 979.20 890.86 959.93 852.44 802.97 803.07 767.41 612.84 548.91 511.29 568.28 244.38 429.92 445.09 262.82 443.60 533.27 261.91 406.68 489.72 528.69 524.59 518.63 518.62 526.14 515.72 479.05 469.87 783.27 584.42 566.26 530.79 497.07 471.91 434.55 194.04 357.43 382.53 385.30 387.74 391.41 395.42 396.19 391.61 402.42 455.87 680.50 782.27 701.27 845.91 774.48 823.79 774.12 423.32 572.89 826.65 798.60 821.31 761.90 771.21 765.26 809.24 883.48
984.77 947.17 996.28 873.77 940.78 962.15 971.79 904.18 906.63 976.39 951.69 883.52 899.67 823.07 932.50 606.96 537.00 255.35 401.95 902.23 854.74 796.06 763.21 749.01 807.46 551.95 444.13 534.48 537.31 532.63 521.74 520.94 533.61 544.74 487.21 449.39 965.91 898.48 591.90 549.14 502.44 474.74 455.35 426.13 199.06 338.30 360.35 359.93 360.12 360.50 362.97 369.46 380.07 392.74 414.54 505.18 695.65 774.33 853.58 737.41 486.08 489.51 812.05 837.80 797.58 693.02 746.15 710.61 727.75 823.17 677.15
982.40 933.51 867.84 890.37 996.52 1025.64 989.21 905.64 944.58 881.48 911.33 922.91 966.29 984.09 858.70 543.97 504.27 833.02 814.50 952.00 917.64 868.99 825.64 833.99 795.14 743.75 738.87 535.02 552.14 543.40 524.30 520.18 544.72 563.90 547.04 434.66 947.01 950.07 967.94 822.78 500.55 481.26 455.08 442.85 426.65 206.85 324.71 342.86 341.35 339.46 338.29 337.96 339.40 341.68 345.35 354.06 816.95 800.34 941.93 469.36 490.61 813.66 873.86 894.80 815.55 824.00 802.42 803.84 837.52 710.56 723.98
889.36 884.71 886.08 896.51 852.10 812.27 870.30 863.63 803.76 863.10 873.21 910.66 924.83 755.10 467.61 941.29 887.21 902.37 917.65 997.45 978.40 1006.66 900.94 849.64 810.07 844.40 879.70 877.90 846.05 827.95 745.64 582.74 854.22 817.52 773.80 663.78 389.89 574.44 790.58 680.16 648.87 490.79 455.95 438.44 446.52 436.44 219.91 316.89 333.01 330.36 326.55 320.37 314.50 312.56 310.11 306.38 289.17 255.88 294.74 448.92 555.78 772.40 654.15 683.73 744.60 777.37 815.22 727.59 775.61 774.86 770.27
808.81 852.45 848.71 772.80 869.91 814.64 808.73 827.96 785.03 672.39 832.29 811.35 501.97 229.48 858.64 938.61 945.65 857.05 865.55 948.74 553.03 850.53 837.71 822.45 833.27 967.12 902.94 860.70 818.51 800.98 753.52 789.88 896.35 851.73 802.80 796.59 760.97 695.23 697.39 797.16 760.24 749.28 650.22 483.31 611.82 435.77 462.46 240.35 318.32 331.91 332.30 330.06 317.56 300.33 296.33 293.58 302.51 640.81 424.01 458.41 402.25 276.98 745.18 717.03 746.96 758.50 533.69 501.25 466.31 425.22 483.76
