Data/ASC_file/zhimenda_FreedomWaterCapacity.asc
ncols           679
          nrows           333
          xllcorner      90.54720
          yllcorner      32.43537
          cellsize        0.01000
        NODATA_value  -9999.00000
[rows 136 to 169 of 333, columns 532 to 607 of 679]
8.89 23.39 24.56 25.69 23.17 25.35 26.82 23.78 25.67 23.19 15.63 25.71 25.42 24.57 23.94 22.83 26.52 26.41 26.08 23.57 10.46 25.57 23.46 22.76 23.46 23.65 22.30 18.74 17.42 15.81 24.92 24.08 22.27 23.49 25.06 16.87 24.29 23.82 25.31 24.31 19.57 23.21 19.58 24.41 21.39 23.45 25.49 25.39 24.46 16.79 14.49 23.23 24.45 20.74 23.15 21.55 23.30 25.33 22.56 21.20 25.34 19.29 25.69 -9999.00 -9999.00 -9999.00 -9999.00 -9999.00 -9999.00 -9999.00 -9999.00 -9999.00 -9999.00 -9999.00 -9999.00 -9999.00
15.91 22.53 24.87 21.35 23.52 24.99 26.94 15.82 23.90 23.43 17.57 26.00 26.98 27.09 23.08 24.87 26.71 22.54 23.17 16.97 25.29 24.88 24.79 25.15 25.99 25.75 22.97 15.25 24.36 22.81 10.61 10.48 16.41 22.34 23.49 15.87 25.38 22.94 24.57 24.87 20.27 16.83 19.87 19.62 21.22 24.44 24.87 24.94 25.95 22.73 10.45 9.84 16.83 17.57 19.69 20.81 23.30 22.70 20.78 24.92 22.49 24.54 24.80 22.68 -9999.00 -9999.00 -9999.00 -9999.00 -9999.00 -9999.00 -9999.00 -9999.00 -9999.00 -9999.00 -9999.00 -9999.00
23.40 15.54 10.87 22.74 23.62 24.62 26.80 25.91 24.91 23.55 16.79 25.73 23.55 25.93 25.37 24.32 23.17 23.59 23.10 11.73 26.66 23.69 24.55 25.86 25.47 23.65 18.04 22.76 24.95 23.71 21.22 20.59 23.21 14.79 18.97 8.92 22.26 12.96 24.24 25.17 23.89 17.24 19.91 12.08 22.08 23.91 24.85 23.12 25.17 23.10 22.63 10.34 23.90 17.22 16.69 18.67 19.59 15.63 19.50 26.80 20.51 25.36 23.00 -9999.00 -9999.00 -9999.00 -9999.00 -9999.00 -9999.00 -9999.00 -9999.00 -9999.00 -9999.00 -9999.00 -9999.00 -9999.00
18.29 18.75 17.52 21.64 23.62 24.18 26.67 26.74 25.24 21.09 19.42 16.48 20.14 24.68 25.76 25.97 22.97 26.07 18.00 22.95 26.27 25.68 22.04 20.23 20.06 18.09 24.54 24.62 22.67 20.85 22.43 24.66 24.45 24.86 19.40 11.17 12.76 24.32 24.00 23.03 24.42 25.44 17.79 17.31 23.93 23.37 24.83 23.04 26.16 23.27 24.63 24.36 24.22 23.11 16.36 16.34 21.54 19.25 22.50 26.26 21.86 19.64 22.88 -9999.00 -9999.00 -9999.00 -9999.00 -9999.00 -9999.00 -9999.00 -9999.00 -9999.00 -9999.00 -9999.00 -9999.00 -9999.00
20.95 23.16 19.02 18.18 21.45 23.94 21.32 26.32 21.47 25.78 23.01 22.78 18.65 22.10 24.92 26.54 25.94 25.63 17.69 24.98 24.64 22.34 24.26 23.49 26.42 24.64 25.14 22.66 23.11 23.17 25.13 23.99 22.63 20.56 19.64 19.98 23.24 17.09 19.78 12.16 19.37 12.04 9.46 25.77 21.69 23.09 21.91 24.32 25.13 19.91 14.30 25.30 24.53 23.98 21.50 12.25 14.26 19.96 20.13 21.57 19.00 25.36 25.38 25.52 25.09 24.98 25.72 22.08 22.70 -9999.00 -9999.00 -9999.00 -9999.00 -9999.00 -9999.00 -9999.00
21.43 19.91 15.76 21.39 18.77 19.83 15.71 25.11 25.09 26.99 26.97 23.89 24.83 18.02 19.99 13.92 25.63 27.25 22.64 20.10 18.32 24.88 25.73 26.37 25.90 26.11 22.36 24.09 22.56 19.88 24.10 22.79 23.56 24.19 24.71 25.47 20.26 17.54 22.42 25.61 25.96 12.39 10.87 14.91 7.48 6.59 19.55 23.34 22.53 26.24 25.11 25.84 24.84 23.92 21.40 24.05 8.08 21.67 19.10 26.07 24.98 26.62 27.14 25.47 24.17 23.57 12.17 13.74 25.25 -9999.00 -9999.00 -9999.00 -9999.00 -9999.00 -9999.00 -9999.00
22.97 23.15 20.27 23.13 26.33 23.41 23.73 18.47 12.74 21.40 23.80 25.83 26.54 23.92 24.50 11.62 14.44 24.16 26.62 26.79 26.17 24.79 21.53 19.49 21.69 25.75 24.34 24.72 24.63 23.83 22.31 22.36 18.44 18.71 23.08 21.90 11.26 10.33 10.25 10.51 11.04 10.92 6.87 21.49 24.90 25.17 7.96 7.07 19.71 23.09 23.92 24.67 24.14 24.15 26.10 25.74 23.92 15.49 18.13 20.81 24.10 25.07 23.41 20.69 19.61 21.24 25.13 27.25 24.79 -9999.00 -9999.00 -9999.00 -9999.00 -9999.00 -9999.00 -9999.00
22.48 11.85 25.67 24.60 25.86 25.94 23.80 20.93 23.30 20.48 23.31 25.98 24.69 25.05 25.88 25.74 12.26 20.34 25.82 25.88 24.79 24.70 23.05 25.43 18.41 24.77 24.15 25.72 24.07 22.31 22.74 23.70 20.12 24.20 18.16 13.11 13.45 12.43 11.55 11.22 10.75 7.00 23.61 23.86 25.48 25.41 24.00 8.79 13.08 22.08 24.85 22.90 26.38 25.25 25.47 25.42 24.46 13.15 14.68 22.02 22.22 22.19 23.15 19.64 25.55 26.63 25.81 25.36 24.57 22.51 26.40 24.69 -9999.00 -9999.00 -9999.00 -9999.00
23.05 20.60 20.33 21.72 23.76 26.20 25.61 21.94 23.92 22.88 22.62 23.32 19.60 14.12 23.50 25.92 24.58 20.51 24.31 24.28 24.78 26.30 26.30 25.89 23.24 20.25 24.97 24.68 23.15 22.10 20.35 22.06 24.20 24.85 20.60 13.79 13.36 13.35 13.03 12.04 7.42 11.06 10.36 23.10 25.08 24.73 22.53 24.48 23.34 6.53 24.51 23.14 22.97 25.11 25.59 25.27 24.36 26.00 14.94 23.36 19.61 22.68 18.48 25.67 26.53 25.27 21.87 23.46 25.06 20.14 22.08 18.96 -9999.00 -9999.00 -9999.00 -9999.00
23.73 25.09 24.03 22.71 19.54 24.12 25.65 25.18 19.86 23.13 25.84 22.14 26.44 23.08 25.95 23.40 21.65 24.99 22.10 20.67 24.47 23.76 25.40 25.62 24.66 19.21 23.24 25.03 22.37 21.80 17.73 21.76 20.33 23.05 19.74 13.27 13.62 13.74 12.92 7.68 11.93 12.11 11.78 23.65 23.29 25.11 22.71 23.99 24.93 17.48 7.39 7.88 6.99 22.36 24.32 25.07 23.35 23.85 24.01 9.28 14.30 11.98 23.56 25.20 24.90 23.18 25.73 26.29 20.99 20.47 25.50 23.94 -9999.00 -9999.00 -9999.00 -9999.00
25.55 25.87 23.95 24.13 21.76 17.12 19.80 26.50 24.48 13.82 25.97 20.28 23.74 23.66 24.27 25.59 26.13 25.02 18.94 17.00 18.33 22.07 24.88 25.39 24.23 19.83 21.88 20.54 22.73 21.52 24.18 20.28 20.15 19.34 13.35 21.54 22.10 12.91 7.85 12.13 12.52 12.21 11.78 22.71 24.52 25.26 24.05 24.28 25.98 23.13 24.33 23.05 8.70 7.33 7.32 6.45 13.74 21.84 25.04 10.13 10.83 12.61 22.36 23.48 22.97 24.72 24.58 26.01 19.15 25.98 25.54 25.82 -9999.00 -9999.00 -9999.00 -9999.00
23.14 25.51 25.65 25.38 23.59 25.65 18.64 24.89 26.21 22.78 23.73 19.32 22.29 24.75 26.19 25.13 22.75 25.66 20.38 23.88 25.21 17.69 17.74 23.17 17.98 20.97 21.86 19.59 20.69 25.03 25.42 21.76 20.56 18.44 19.67 13.24 11.92 8.03 12.35 12.64 12.61 12.47 11.71 23.65 24.94 22.45 25.02 25.51 25.76 22.02 23.51 23.28 23.29 21.11 20.06 22.02 6.43 25.14 11.44 9.80 10.46 12.02 13.26 22.82 22.43 21.33 23.84 11.57 22.67 23.79 23.69 26.44 -9999.00 -9999.00 -9999.00 21.20
21.09 25.67 25.67 23.87 24.98 24.99 14.48 9.60 23.34 21.69 25.68 18.12 23.80 24.03 21.10 25.36 23.14 21.33 25.55 26.32 24.34 19.07 16.30 11.10 18.48 16.11 20.04 18.32 14.62 19.75 17.50 23.85 18.12 9.63 15.29 10.95 8.24 12.67 12.86 12.67 12.56 12.83 11.99 19.38 11.62 21.32 23.42 24.26 25.79 24.71 25.32 23.33 23.18 22.34 23.85 21.28 14.33 6.40 10.61 25.83 8.70 9.77 12.51 22.91 20.91 25.34 21.34 17.14 23.41 23.99 25.96 25.76 26.06 24.54 24.27 24.23
26.53 25.74 24.81 8.44 9.36 13.58 21.47 20.21 14.34 13.57 17.39 10.08 22.00 24.68 23.06 24.42 26.28 25.14 24.90 24.10 18.30 21.97 26.71 24.75 25.73 21.13 17.40 17.29 17.92 15.80 15.78 16.31 14.79 9.76 9.66 8.71 13.18 13.17 12.91 12.74 12.54 12.61 22.22 23.38 19.58 18.80 20.58 25.39 25.46 25.78 24.14 23.50 24.13 22.11 23.41 25.48 24.42 12.84 6.30 9.82 20.15 24.78 10.87 13.71 14.47 24.90 11.43 24.08 25.38 23.09 25.30 24.69 21.39 23.17 16.63 25.91
24.58 24.95 15.76 22.38 23.67 24.02 26.24 24.98 23.66 22.72 24.62 21.74 13.75 10.56 19.72 22.90 23.58 25.86 23.06 23.18 18.99 22.50 25.24 24.23 24.51 24.73 19.82 21.53 22.88 21.27 20.38 18.36 17.13 19.34 22.63 20.09 13.51 13.34 12.95 12.79 12.70 12.29 24.93 22.43 24.14 21.74 23.32 16.32 13.17 24.56 23.66 25.63 23.27 24.18 24.06 24.73 21.60 17.61 20.17 6.15 11.16 24.44 11.64 12.27 14.27 12.97 11.34 16.56 11.41 21.82 22.09 20.91 26.78 25.60 26.38 23.11
9.21 9.22 9.75 25.25 25.55 24.60 26.58 24.84 24.45 21.50 24.69 23.85 24.91 20.72 16.48 18.17 20.98 23.50 25.48 26.74 23.83 17.11 13.53 23.62 26.48 22.84 19.89 24.56 24.72 20.52 18.71 22.48 22.95 19.88 21.96 19.82 20.40 13.40 12.86 13.03 12.56 18.47 19.82 24.07 25.19 23.45 23.53 23.29 21.86 23.69 24.30 25.95 26.19 23.33 24.15 24.63 24.84 24.11 25.38 13.48 6.11 11.84 12.15 12.29 13.08 12.42 11.39 24.64 22.95 17.85 19.89 24.12 18.49 25.04 24.61 13.31
26.13 25.98 27.41 25.11 24.81 26.70 26.18 25.90 26.52 24.52 26.90 23.99 23.94 20.16 24.11 21.88 18.76 19.48 21.87 24.13 23.34 26.52 25.31 22.01 21.06 26.89 26.49 26.20 20.24 22.96 23.82 25.76 22.75 19.48 20.03 22.61 23.61 22.80 18.27 20.02 19.24 20.05 20.74 20.84 24.31 25.28 24.41 25.27 25.60 23.68 22.70 19.79 25.08 25.10 25.26 25.93 26.62 25.25 24.87 22.42 24.63 6.06 11.68 12.35 12.60 12.13 11.56 23.17 25.72 26.10 26.25 25.58 22.09 12.76 25.00 21.67
25.55 26.91 23.54 25.00 25.39 25.15 21.14 22.44 25.44 25.34 26.40 24.56 24.54 19.59 26.25 26.04 22.67 23.46 23.99 23.70 20.99 25.49 25.48 24.91 22.79 24.09 17.10 21.80 23.41 22.30 23.42 23.58 20.17 20.61 22.53 23.37 20.69 17.57 20.66 21.10 20.74 23.20 19.72 19.85 20.53 12.68 21.74 23.75 25.23 25.30 25.80 23.69 24.75 24.12 25.95 25.43 26.27 25.48 22.37 25.63 26.25 25.08 6.02 11.78 12.36 12.02 12.01 23.18 25.72 25.95 24.29 26.20 25.36 25.53 26.66 26.75
23.93 25.61 20.77 24.66 23.96 21.43 22.33 26.43 21.76 14.55 26.02 26.33 23.72 19.21 20.04 25.74 22.94 24.33 26.36 26.05 25.73 21.16 24.63 25.31 26.13 23.35 22.53 25.98 24.40 25.13 24.69 20.23 22.11 25.65 25.73 23.48 19.08 19.70 21.33 20.53 21.43 23.21 21.73 22.64 20.38 21.19 12.33 20.73 25.37 24.85 24.90 22.91 23.44 23.92 24.07 24.08 25.17 25.41 25.80 25.42 26.32 25.83 22.21 7.36 12.06 12.05 12.31 13.06 25.27 24.89 22.24 24.32 23.74 26.80 25.67 26.18
21.70 23.78 14.96 18.22 11.11 17.70 24.09 27.43 26.18 26.96 24.81 23.45 18.13 25.36 24.00 25.37 25.04 23.78 23.65 23.44 24.88 13.91 21.02 19.42 23.47 20.99 24.30 21.27 25.80 25.37 24.19 21.14 22.08 20.24 24.08 19.64 21.68 23.53 22.67 21.27 21.73 25.22 23.04 22.99 22.61 23.03 23.92 23.02 19.96 18.73 19.46 16.38 11.28 11.11 18.04 19.93 24.14 26.26 22.65 22.82 25.20 24.39 25.75 8.22 9.01 12.08 12.34 12.99 23.92 21.18 22.34 24.10 24.65 26.56 24.46 24.49
17.86 17.04 23.64 22.05 26.52 24.98 19.35 23.93 25.66 25.06 26.40 24.43 22.43 21.55 25.70 26.15 25.09 25.64 22.11 20.98 23.56 24.53 25.61 26.34 20.09 16.35 21.05 23.30 24.71 26.06 25.04 23.19 24.35 26.62 20.97 20.37 26.19 24.36 24.33 23.24 23.90 26.35 23.98 23.96 22.73 25.73 23.94 18.66 22.06 26.01 25.72 24.93 25.54 26.03 25.13 18.42 16.72 21.50 18.56 13.69 12.07 15.29 9.95 8.79 9.02 10.47 12.35 13.00 13.95 13.46 24.12 23.85 25.15 20.93 21.35 20.16
24.69 26.54 26.10 21.58 23.74 26.82 24.67 19.69 23.02 23.20 26.07 26.64 26.84 25.07 23.07 26.48 22.87 24.11 26.16 20.41 22.71 24.41 24.60 26.07 13.52 25.35 25.08 26.06 22.38 23.71 25.44 25.73 25.66 24.46 22.14 20.72 24.30 25.13 26.73 23.70 24.48 26.53 26.09 24.74 22.98 25.17 20.57 23.68 24.16 25.74 24.25 25.18 25.87 25.46 26.10 24.36 10.70 25.53 25.80 14.34 13.22 9.54 9.42 9.05 9.18 10.08 11.61 12.89 13.42 13.66 22.96 22.79 20.07 19.50 22.34 25.42
25.85 24.77 25.85 23.41 24.41 25.41 26.38 25.44 20.50 24.11 23.83 23.67 25.78 26.14 23.11 21.24 25.40 19.65 24.63 21.15 24.70 24.60 23.59 18.77 20.43 26.34 24.41 24.37 24.93 22.69 24.61 23.53 26.60 24.92 25.16 23.89 22.42 23.71 22.69 23.00 26.02 24.86 26.94 23.69 25.81 25.18 23.67 24.01 26.17 22.18 20.39 23.85 21.41 17.03 18.54 10.98 13.23 24.27 22.45 20.58 24.77 24.87 9.34 9.16 9.31 9.97 11.14 12.46 13.22 13.36 9.74 10.73 14.80 21.37 24.83 25.89
20.11 26.21 24.56 25.94 25.72 24.44 23.89 27.22 25.12 24.82 25.11 22.31 23.60 25.62 26.96 13.40 16.55 24.28 19.98 11.52 18.03 24.59 15.52 22.02 25.24 23.12 22.32 25.87 18.52 11.74 13.52 22.76 26.79 24.62 27.00 24.32 25.67 22.15 23.35 22.23 11.04 23.72 26.83 23.66 24.53 26.84 26.59 25.44 26.59 23.09 12.46 20.40 18.76 21.24 22.87 17.33 20.82 16.92 8.61 23.51 11.61 8.75 9.27 9.23 9.39 9.93 10.87 12.04 12.93 10.88 26.63 26.26 20.65 20.64 23.54 25.91
25.66 25.88 23.71 25.34 24.39 23.99 22.09 25.40 26.14 14.55 22.42 21.14 20.72 24.23 26.40 26.28 25.22 25.18 25.58 19.90 24.24 16.39 23.61 26.69 25.51 25.38 15.73 26.69 12.77 26.02 25.56 25.52 20.92 22.89 26.15 25.69 25.05 25.38 20.17 11.55 25.69 10.71 24.74 21.49 24.08 21.41 24.38 24.94 22.54 23.32 26.29 22.48 24.37 23.32 19.52 22.63 20.57 13.58 19.44 10.29 11.11 10.98 7.21 8.92 9.46 9.93 10.71 11.73 11.87 11.60 23.53 24.82 25.11 24.91 19.37 12.72
26.26 25.14 23.23 22.68 19.24 19.03 20.95 24.86 25.65 25.51 25.20 22.96 12.29 17.70 21.77 24.69 26.06 25.18 26.14 26.85 24.91 15.63 25.49 26.08 26.16 21.89 22.99 26.34 16.26 16.04 25.64 23.38 14.62 25.40 23.89 23.25 26.17 26.63 24.59 25.81 22.22 22.13 10.39 24.50 22.16 26.50 25.38 24.31 13.39 27.05 20.29 25.70 25.57 22.11 20.69 23.42 19.10 22.45 23.61 13.81 11.78 11.81 11.25 6.49 9.04 9.94 10.62 11.41 11.75 11.63 11.21 22.46 26.04 26.57 23.56 22.92
25.50 22.90 23.90 20.91 25.28 24.48 24.37 26.56 23.71 24.73 26.52 26.01 22.29 24.04 17.40 15.43 25.59 23.56 24.91 26.13 25.23 18.68 26.56 26.02 23.88 21.76 26.24 21.84 10.99 26.66 26.20 11.54 25.15 25.01 25.11 22.31 24.48 26.03 26.78 21.83 25.59 24.86 13.38 10.87 17.83 25.89 27.18 26.66 24.46 26.13 22.21 26.63 23.91 22.94 24.58 24.62 17.92 24.75 25.56 23.41 19.94 12.31 11.86 11.02 6.07 9.37 10.52 11.19 11.59 11.12 19.74 26.28 24.14 26.17 25.24 25.73
22.14 22.59 19.45 20.85 23.94 25.13 25.25 26.40 25.05 22.01 22.53 25.71 25.43 25.10 26.28 23.78 11.28 20.16 16.31 18.00 16.10 19.10 19.81 25.59 20.08 23.67 25.87 21.64 24.10 26.70 21.23 24.57 24.24 26.91 22.81 24.42 13.96 24.86 24.51 26.17 26.97 22.22 24.22 22.30 25.59 16.25 24.12 27.13 21.61 24.96 26.56 23.60 25.00 25.45 27.19 25.18 20.97 26.72 26.43 26.25 26.66 22.36 25.99 22.26 25.35 5.87 9.85 11.05 11.33 11.57 24.92 22.57 21.08 24.96 26.96 24.00
21.47 17.24 18.77 20.37 22.44 23.63 25.16 25.60 25.89 24.33 12.92 18.39 24.65 22.88 25.85 25.83 25.59 26.31 21.08 21.80 10.32 16.83 15.72 21.70 19.92 22.73 22.00 20.73 26.50 25.53 21.42 22.59 24.44 24.96 21.84 25.09 22.37 21.61 22.35 24.97 26.32 26.30 26.55 22.71 26.35 25.09 16.90 20.37 22.87 26.63 26.06 26.08 24.00 24.57 23.72 10.92 25.28 22.80 26.52 25.77 18.81 23.96 22.74 24.76 24.46 11.27 5.71 10.29 11.28 11.81 13.12 24.39 13.72 25.34 27.03 26.17
16.66 19.06 20.40 20.20 19.59 23.12 16.98 24.57 24.53 25.20 26.12 22.57 11.95 23.29 24.37 26.24 22.09 24.53 26.03 24.70 25.88 23.83 15.94 17.50 15.92 17.68 19.49 19.64 25.89 22.81 22.54 12.73 8.56 9.05 8.14 24.26 22.61 23.00 25.03 24.99 23.34 22.16 25.81 26.13 24.92 22.81 26.31 18.18 24.44 25.51 24.90 23.29 25.65 24.27 11.17 22.85 26.16 26.11 26.86 11.87 22.52 24.25 23.15 23.80 15.71 17.38 21.74 7.01 11.03 11.83 12.81 14.03 14.16 25.25 27.09 26.07
23.28 23.13 24.61 25.42 23.14 19.09 17.52 23.40 25.14 23.54 26.73 25.58 17.26 26.02 22.28 23.67 21.62 25.22 26.45 22.58 25.17 23.79 22.16 16.76 9.50 15.91 9.81 10.07 10.27 9.80 11.55 24.85 25.89 25.50 9.89 16.23 13.84 22.22 25.90 23.66 22.41 22.72 25.05 26.72 21.94 25.50 23.56 17.36 24.09 26.58 22.68 23.84 25.39 23.05 19.58 19.92 26.26 25.27 21.44 24.82 25.18 27.18 26.49 18.45 18.44 22.20 12.99 6.11 8.27 11.70 12.59 13.50 14.21 14.68 7.32 8.51
24.93 24.72 24.56 26.58 26.20 24.82 24.06 25.15 22.68 22.95 26.43 24.19 20.65 25.41 25.25 18.67 18.60 24.77 26.22 25.13 26.83 25.43 24.06 23.95 25.02 23.55 14.35 11.12 10.57 8.58 12.56 24.53 26.27 26.77 26.90 26.07 24.33 7.53 26.37 21.79 22.10 26.41 24.26 26.05 26.01 26.22 24.75 9.18 22.09 24.00 26.03 27.23 25.87 21.01 24.10 26.37 25.81 21.90 14.19 26.67 26.75 25.44 18.94 25.90 25.35 25.88 24.10 25.23 7.09 9.81 12.39 13.22 13.55 6.65 8.87 9.24
25.82 25.91 25.32 24.13 25.43 25.07 25.11 23.66 25.27 20.22 25.36 24.86 16.52 10.52 17.24 18.68 23.15 10.54 23.74 23.92 24.59 26.07 25.37 24.63 25.62 25.00 23.05 12.62 10.29 13.45 13.26 22.82 24.51 25.79 25.17 26.90 26.78 24.05 13.73 7.34 23.53 25.99 24.41 24.89 24.60 24.53 25.40 24.29 9.06 23.57 24.80 25.48 27.16 25.00 24.69 23.40 26.01 24.14 24.16 25.83 25.19 10.89 14.26 26.66 26.27 25.33 25.97 21.33 7.52 8.55 11.18 12.56 6.27 8.89 10.13 11.10
20.21 19.01 22.66 18.02 19.72 22.60 25.13 26.37 24.52 23.44 21.82 9.15 23.74 22.52 25.59 27.18 25.66 22.68 17.77 21.92 24.22 25.26 26.71 24.90 26.54 25.66 23.60 21.99 20.51 16.51 16.19 21.58 19.89 21.62 23.36 25.07 25.39 17.77 26.18 21.01 14.80 24.14 24.03 22.83 23.17 22.77 26.17 25.14 26.66 17.53 24.38 24.89 26.81 26.12 24.90 26.18 26.06 23.55 21.14 20.37 11.12 24.06 26.47 26.67 25.55 26.41 26.54 23.36 6.39 8.07 9.60 6.22 21.81 21.38 10.83 24.00
