Data/ASC_file/zhimenda_TensionWaterCapacity.asc
ncols           679
          nrows           333
          xllcorner      90.54720
          yllcorner      32.43537
          cellsize        0.01000
        NODATA_value  -9999.00000
[rows 32 to 63 of 333, columns 432 to 503 of 679]
-9999.00 -9999.00 -9999.00 -9999.00 -9999.00 -9999.00 -9999.00 -9999.00 -9999.00 -9999.00 -9999.00 -9999.00 -9999.00 -9999.00 -9999.00 -9999.00 -9999.00 -9999.00 -9999.00 -9999.00 -9999.00 -9999.00 -9999.00 -9999.00 -9999.00 -9999.00 -9999.00 -9999.00 -9999.00 -9999.00 -9999.00 -9999.00 -9999.00 -9999.00 -9999.00 -9999.00 -9999.00 -9999.00 -9999.00 -9999.00 -9999.00 -9999.00 -9999.00 -9999.00 -9999.00 -9999.00 -9999.00 -9999.00 -9999.00 -9999.00 -9999.00 -9999.00 -9999.00 -9999.00 -9999.00 -9999.00 -9999.00 -9999.00 -9999.00 -9999.00 -9999.00 -9999.00 -9999.00 -9999.00 -9999.00 -9999.00 -9999.00 -9999.00 -9999.00 -9999.00 -9999.00 -9999.00
-9999.00 -9999.00 -9999.00 -9999.00 -9999.00 -9999.00 -9999.00 -9999.00 -9999.00 -9999.00 -9999.00 -9999.00 -9999.00 -9999.00 -9999.00 -9999.00 -9999.00 -9999.00 -9999.00 -9999.00 -9999.00 -9999.00 -9999.00 -9999.00 -9999.00 -9999.00 -9999.00 -9999.00 -9999.00 -9999.00 -9999.00 -9999.00 -9999.00 -9999.00 -9999.00 -9999.00 -9999.00 -9999.00 -9999.00 -9999.00 -9999.00 -9999.00 -9999.00 -9999.00 -9999.00 -9999.00 -9999.00 -9999.00 -9999.00 -9999.00 -9999.00 -9999.00 -9999.00 -9999.00 -9999.00 -9999.00 -9999.00 -9999.00 -9999.00 -9999.00 -9999.00 -9999.00 -9999.00 -9999.00 -9999.00 -9999.00 -9999.00 -9999.00 -9999.00 -9999.00 -9999.00 -9999.00
-9999.00 -9999.00 -9999.00 -9999.00 -9999.00 -9999.00 -9999.00 -9999.00 -9999.00 -9999.00 -9999.00 -9999.00 -9999.00 -9999.00 -9999.00 -9999.00 -9999.00 -9999.00 -9999.00 -9999.00 -9999.00 -9999.00 -9999.00 -9999.00 -9999.00 -9999.00 -9999.00 -9999.00 -9999.00 -9999.00 -9999.00 -9999.00 -9999.00 -9999.00 -9999.00 -9999.00 -9999.00 -9999.00 -9999.00 -9999.00 -9999.00 -9999.00 -9999.00 -9999.00 -9999.00 -9999.00 -9999.00 -9999.00 -9999.00 -9999.00 -9999.00 -9999.00 -9999.00 -9999.00 -9999.00 -9999.00 -9999.00 -9999.00 -9999.00 -9999.00 -9999.00 -9999.00 -9999.00 -9999.00 -9999.00 -9999.00 -9999.00 -9999.00 -9999.00 -9999.00 -9999.00 -9999.00
-9999.00 -9999.00 -9999.00 -9999.00 -9999.00 -9999.00 -9999.00 -9999.00 -9999.00 -9999.00 -9999.00 -9999.00 -9999.00 -9999.00 -9999.00 -9999.00 -9999.00 -9999.00 -9999.00 -9999.00 -9999.00 -9999.00 -9999.00 -9999.00 -9999.00 -9999.00 -9999.00 -9999.00 -9999.00 -9999.00 -9999.00 -9999.00 -9999.00 -9999.00 -9999.00 -9999.00 -9999.00 -9999.00 -9999.00 -9999.00 -9999.00 -9999.00 -9999.00 -9999.00 -9999.00 -9999.00 -9999.00 -9999.00 -9999.00 -9999.00 -9999.00 -9999.00 -9999.00 -9999.00 -9999.00 -9999.00 -9999.00 -9999.00 -9999.00 -9999.00 -9999.00 -9999.00 -9999.00 -9999.00 -9999.00 -9999.00 -9999.00 -9999.00 -9999.00 -9999.00 -9999.00 -9999.00
129.55 134.40 -9999.00 -9999.00 -9999.00 -9999.00 132.82 123.34 113.18 107.06 -9999.00 -9999.00 -9999.00 -9999.00 -9999.00 -9999.00 -9999.00 -9999.00 -9999.00 -9999.00 -9999.00 -9999.00 -9999.00 -9999.00 -9999.00 -9999.00 -9999.00 -9999.00 -9999.00 -9999.00 -9999.00 -9999.00 -9999.00 -9999.00 -9999.00 -9999.00 -9999.00 -9999.00 -9999.00 -9999.00 -9999.00 -9999.00 -9999.00 -9999.00 -9999.00 -9999.00 -9999.00 -9999.00 -9999.00 -9999.00 -9999.00 -9999.00 -9999.00 -9999.00 -9999.00 -9999.00 -9999.00 -9999.00 -9999.00 -9999.00 -9999.00 -9999.00 -9999.00 -9999.00 -9999.00 -9999.00 -9999.00 -9999.00 -9999.00 -9999.00 -9999.00 -9999.00
113.83 100.91 97.09 137.10 132.91 136.43 126.37 132.93 79.79 132.15 120.81 -9999.00 -9999.00 -9999.00 120.22 96.39 125.91 -9999.00 -9999.00 -9999.00 -9999.00 -9999.00 -9999.00 -9999.00 -9999.00 -9999.00 -9999.00 -9999.00 -9999.00 -9999.00 -9999.00 -9999.00 -9999.00 -9999.00 -9999.00 -9999.00 -9999.00 -9999.00 -9999.00 -9999.00 -9999.00 -9999.00 -9999.00 -9999.00 -9999.00 -9999.00 -9999.00 -9999.00 -9999.00 -9999.00 -9999.00 -9999.00 -9999.00 -9999.00 -9999.00 -9999.00 -9999.00 -9999.00 -9999.00 -9999.00 -9999.00 -9999.00 -9999.00 -9999.00 -9999.00 -9999.00 -9999.00 -9999.00 -9999.00 -9999.00 -9999.00 -9999.00
98.65 131.42 126.27 126.33 134.19 130.46 140.08 118.09 128.39 103.85 132.32 135.79 -9999.00 134.80 136.37 137.37 104.69 126.51 114.04 97.99 111.55 119.98 110.56 129.55 -9999.00 -9999.00 113.31 123.18 130.86 -9999.00 -9999.00 -9999.00 -9999.00 -9999.00 -9999.00 -9999.00 -9999.00 -9999.00 -9999.00 -9999.00 -9999.00 -9999.00 -9999.00 -9999.00 -9999.00 -9999.00 -9999.00 -9999.00 -9999.00 -9999.00 -9999.00 -9999.00 -9999.00 -9999.00 -9999.00 -9999.00 -9999.00 -9999.00 -9999.00 -9999.00 -9999.00 -9999.00 -9999.00 -9999.00 -9999.00 -9999.00 -9999.00 -9999.00 -9999.00 -9999.00 -9999.00 -9999.00
135.92 133.95 137.82 128.85 134.13 118.09 125.35 116.23 99.09 115.51 133.51 134.46 133.79 123.95 121.73 135.04 108.43 124.00 99.90 111.87 128.04 131.41 126.21 124.53 126.03 107.90 127.07 109.96 122.24 113.78 128.93 124.94 -9999.00 -9999.00 -9999.00 -9999.00 -9999.00 -9999.00 -9999.00 -9999.00 -9999.00 -9999.00 -9999.00 -9999.00 -9999.00 -9999.00 -9999.00 -9999.00 -9999.00 -9999.00 -9999.00 -9999.00 -9999.00 -9999.00 -9999.00 -9999.00 -9999.00 -9999.00 -9999.00 -9999.00 -9999.00 -9999.00 -9999.00 -9999.00 -9999.00 -9999.00 -9999.00 -9999.00 -9999.00 -9999.00 -9999.00 -9999.00
129.87 133.07 123.82 130.35 135.30 109.39 129.93 121.29 95.36 112.22 126.47 135.97 134.40 120.79 110.85 124.99 129.88 111.89 86.95 100.16 129.36 121.93 69.30 125.68 108.98 122.70 122.73 113.27 108.65 95.96 108.51 115.66 129.46 -9999.00 -9999.00 -9999.00 -9999.00 -9999.00 -9999.00 -9999.00 -9999.00 -9999.00 -9999.00 -9999.00 -9999.00 -9999.00 -9999.00 -9999.00 -9999.00 -9999.00 -9999.00 -9999.00 -9999.00 -9999.00 -9999.00 -9999.00 -9999.00 -9999.00 -9999.00 -9999.00 -9999.00 -9999.00 -9999.00 -9999.00 -9999.00 -9999.00 -9999.00 -9999.00 -9999.00 -9999.00 -9999.00 -9999.00
123.87 127.17 118.95 132.72 135.03 132.27 124.64 123.75 91.97 122.94 134.83 119.86 137.41 133.71 109.01 118.13 111.65 85.15 124.46 130.92 105.19 66.46 72.21 125.82 124.68 112.67 117.30 115.96 102.95 115.83 99.39 116.46 118.58 125.94 127.34 -9999.00 -9999.00 -9999.00 -9999.00 -9999.00 -9999.00 -9999.00 -9999.00 -9999.00 -9999.00 -9999.00 -9999.00 -9999.00 -9999.00 -9999.00 -9999.00 -9999.00 -9999.00 -9999.00 -9999.00 -9999.00 -9999.00 -9999.00 -9999.00 -9999.00 -9999.00 -9999.00 -9999.00 -9999.00 -9999.00 -9999.00 -9999.00 -9999.00 -9999.00 -9999.00 -9999.00 -9999.00
121.93 111.62 115.30 129.35 131.31 132.67 119.92 117.42 95.50 129.98 112.53 132.31 140.10 113.81 118.81 107.39 84.95 96.02 103.27 65.58 118.31 117.36 120.67 112.86 124.72 118.65 111.42 106.34 106.42 105.58 92.54 101.83 99.97 100.94 106.14 119.19 110.95 124.99 -9999.00 -9999.00 -9999.00 -9999.00 -9999.00 -9999.00 -9999.00 -9999.00 -9999.00 -9999.00 -9999.00 -9999.00 -9999.00 -9999.00 -9999.00 -9999.00 -9999.00 -9999.00 -9999.00 -9999.00 -9999.00 -9999.00 -9999.00 -9999.00 -9999.00 -9999.00 -9999.00 -9999.00 -9999.00 -9999.00 -9999.00 -9999.00 -9999.00 -9999.00
94.81 110.60 116.26 124.48 120.10 126.88 104.95 101.45 102.60 99.99 123.61 133.80 135.05 119.29 97.64 83.08 120.65 128.45 120.54 128.68 116.65 133.48 126.60 126.64 126.10 117.97 112.59 92.89 120.11 99.55 91.52 117.78 125.93 128.15 65.33 108.63 125.98 110.31 120.13 -9999.00 -9999.00 -9999.00 -9999.00 -9999.00 -9999.00 -9999.00 -9999.00 -9999.00 -9999.00 -9999.00 -9999.00 -9999.00 -9999.00 -9999.00 -9999.00 -9999.00 -9999.00 -9999.00 -9999.00 -9999.00 -9999.00 -9999.00 -9999.00 -9999.00 -9999.00 -9999.00 -9999.00 -9999.00 -9999.00 -9999.00 -9999.00 -9999.00
74.28 89.91 110.76 113.82 116.34 115.49 84.85 102.91 94.91 102.04 119.31 129.06 130.60 77.10 81.50 119.83 132.32 134.49 126.95 133.60 118.10 134.71 126.70 115.22 123.79 119.03 115.96 129.10 108.65 105.50 94.00 69.49 98.98 119.54 81.06 126.16 108.56 116.24 120.65 124.30 125.42 123.77 120.76 -9999.00 -9999.00 -9999.00 -9999.00 -9999.00 -9999.00 -9999.00 -9999.00 -9999.00 -9999.00 -9999.00 -9999.00 -9999.00 -9999.00 -9999.00 -9999.00 -9999.00 -9999.00 -9999.00 -9999.00 -9999.00 -9999.00 -9999.00 -9999.00 -9999.00 -9999.00 -9999.00 -9999.00 -9999.00
116.12 75.74 92.50 101.48 90.23 78.86 68.40 69.82 43.38 66.21 68.60 119.84 124.82 85.16 115.72 126.49 134.05 125.82 136.55 137.25 129.22 134.17 137.60 123.28 100.91 103.23 114.41 117.79 125.06 109.97 90.58 106.06 87.78 74.28 115.70 95.16 103.96 113.59 119.72 123.80 119.81 118.30 114.98 121.50 -9999.00 -9999.00 -9999.00 -9999.00 -9999.00 -9999.00 -9999.00 -9999.00 -9999.00 -9999.00 -9999.00 -9999.00 -9999.00 -9999.00 -9999.00 -9999.00 -9999.00 -9999.00 -9999.00 -9999.00 -9999.00 -9999.00 -9999.00 -9999.00 -9999.00 -9999.00 -9999.00 -9999.00
128.75 79.25 74.72 74.43 70.61 74.58 110.45 94.03 99.82 107.15 111.39 70.23 45.78 120.37 115.05 126.22 118.63 122.62 123.41 131.95 140.06 118.86 128.21 118.63 70.93 67.10 102.08 112.91 106.02 115.12 85.30 105.54 54.07 61.52 104.76 97.63 117.53 120.08 121.66 124.10 119.83 114.26 125.04 115.34 119.46 -9999.00 -9999.00 -9999.00 -9999.00 -9999.00 -9999.00 -9999.00 -9999.00 -9999.00 -9999.00 -9999.00 -9999.00 -9999.00 -9999.00 -9999.00 -9999.00 -9999.00 -9999.00 -9999.00 -9999.00 -9999.00 -9999.00 -9999.00 -9999.00 -9999.00 -9999.00 -9999.00
127.92 80.02 69.16 123.89 89.58 133.21 131.31 116.03 115.64 117.03 119.47 120.97 83.47 90.92 113.03 109.21 86.68 107.25 110.16 117.96 95.94 67.48 94.78 118.33 125.96 126.07 122.70 106.26 95.15 91.55 118.60 83.51 67.52 46.69 62.14 85.93 117.91 122.53 124.26 118.59 119.77 113.33 120.08 119.16 113.53 133.13 -9999.00 -9999.00 -9999.00 -9999.00 -9999.00 -9999.00 -9999.00 -9999.00 -9999.00 -9999.00 -9999.00 -9999.00 -9999.00 -9999.00 -9999.00 -9999.00 -9999.00 -9999.00 -9999.00 -9999.00 -9999.00 -9999.00 -9999.00 -9999.00 -9999.00 -9999.00
92.74 65.47 85.92 139.58 134.57 121.22 65.82 130.85 128.93 122.14 124.99 127.42 120.22 76.74 49.21 65.07 71.67 105.29 115.58 91.78 123.45 131.94 130.16 132.28 137.50 131.35 130.81 119.24 133.44 130.89 66.10 65.58 53.54 52.98 41.99 119.88 120.48 116.28 113.84 112.17 117.32 113.77 97.85 105.14 107.29 121.31 126.59 118.76 127.84 -9999.00 -9999.00 -9999.00 -9999.00 -9999.00 -9999.00 -9999.00 -9999.00 -9999.00 -9999.00 -9999.00 -9999.00 -9999.00 -9999.00 -9999.00 -9999.00 -9999.00 -9999.00 -9999.00 -9999.00 -9999.00 -9999.00 -9999.00
59.23 75.45 107.32 139.21 129.34 135.24 116.66 133.25 123.21 130.07 125.56 126.47 115.79 105.06 88.93 42.52 70.14 97.68 78.74 121.18 114.81 123.37 128.26 128.99 131.92 128.90 127.80 124.17 129.38 118.77 79.86 47.36 110.46 108.91 95.52 72.38 46.37 41.58 103.53 109.62 111.73 112.38 107.22 107.18 105.18 113.50 101.56 112.24 122.28 132.25 -9999.00 -9999.00 -9999.00 -9999.00 -9999.00 -9999.00 -9999.00 -9999.00 -9999.00 -9999.00 -9999.00 -9999.00 -9999.00 -9999.00 -9999.00 -9999.00 -9999.00 -9999.00 -9999.00 -9999.00 -9999.00 -9999.00
100.51 106.01 114.55 113.21 122.71 135.63 114.88 137.09 135.88 134.22 118.90 109.70 104.24 96.09 92.10 60.74 44.04 64.63 66.02 70.17 102.21 110.36 74.38 130.34 124.40 116.11 119.74 116.45 113.64 100.69 48.02 129.19 122.75 125.85 116.84 121.55 126.13 97.55 48.74 43.83 100.96 92.46 109.24 109.10 105.03 100.65 109.89 119.45 118.91 130.36 118.01 -9999.00 -9999.00 -9999.00 -9999.00 -9999.00 -9999.00 -9999.00 -9999.00 -9999.00 -9999.00 -9999.00 -9999.00 -9999.00 -9999.00 -9999.00 -9999.00 -9999.00 -9999.00 -9999.00 -9999.00 -9999.00
106.47 102.42 123.04 131.82 118.73 131.81 117.56 108.04 127.72 121.93 121.93 99.04 120.92 96.35 97.82 84.02 99.97 45.15 71.31 76.63 97.73 128.53 116.24 134.36 121.58 120.38 130.18 110.65 69.47 48.56 105.76 88.10 107.57 119.34 128.34 129.08 125.84 113.50 79.07 55.53 41.68 68.17 109.90 88.50 69.30 68.26 112.34 116.66 120.35 131.35 113.73 130.86 -9999.00 -9999.00 -9999.00 -9999.00 -9999.00 -9999.00 -9999.00 -9999.00 -9999.00 -9999.00 -9999.00 -9999.00 -9999.00 -9999.00 -9999.00 -9999.00 -9999.00 -9999.00 -9999.00 -9999.00
122.10 114.94 95.71 114.73 109.46 125.64 104.97 132.08 136.66 132.91 115.49 128.12 96.28 98.41 92.02 95.26 115.39 65.34 46.60 75.32 114.50 101.24 118.97 132.23 108.47 117.95 123.84 73.77 51.66 67.32 61.59 102.81 126.80 107.43 122.99 114.95 116.31 113.49 71.03 71.98 61.63 40.82 99.96 56.59 47.31 64.28 109.53 121.13 123.83 116.46 112.41 120.01 124.26 133.61 127.55 -9999.00 -9999.00 -9999.00 -9999.00 -9999.00 -9999.00 -9999.00 -9999.00 -9999.00 -9999.00 -9999.00 -9999.00 -9999.00 -9999.00 -9999.00 -9999.00 -9999.00
133.38 123.78 120.22 114.72 123.90 100.86 123.23 127.04 118.60 130.70 63.01 96.27 94.93 122.32 95.31 112.36 97.08 115.95 63.71 48.17 73.10 75.37 119.70 126.51 126.90 108.27 73.07 53.74 69.57 74.63 73.40 119.70 136.00 125.00 131.84 124.48 122.33 112.02 102.52 119.90 77.24 67.02 49.67 54.13 53.56 42.23 98.07 119.62 109.63 119.17 111.31 113.14 128.03 117.32 124.52 -9999.00 -9999.00 -9999.00 -9999.00 -9999.00 -9999.00 -9999.00 -9999.00 -9999.00 -9999.00 -9999.00 -9999.00 -9999.00 -9999.00 -9999.00 -9999.00 -9999.00
109.72 68.60 128.08 125.65 128.99 120.97 134.04 128.44 105.42 90.79 111.33 101.01 130.94 117.99 128.46 108.54 89.91 98.12 62.74 70.17 49.96 77.30 116.95 114.54 125.88 75.90 57.37 68.42 73.43 75.39 104.95 119.74 125.51 133.45 131.45 133.23 122.93 101.40 118.91 105.98 79.88 77.71 72.36 58.27 58.24 55.70 47.72 42.53 105.54 115.19 91.88 116.66 108.53 117.00 122.68 135.42 121.20 -9999.00 -9999.00 -9999.00 -9999.00 -9999.00 -9999.00 -9999.00 -9999.00 -9999.00 -9999.00 -9999.00 -9999.00 -9999.00 -9999.00 -9999.00
112.95 95.83 122.92 136.54 126.77 132.94 133.24 120.46 104.89 118.45 113.33 108.38 115.45 105.08 104.81 105.73 100.19 78.48 96.29 84.70 67.07 51.72 74.90 78.15 86.56 65.55 68.98 70.50 74.52 106.44 112.94 122.85 130.43 121.49 129.02 131.34 127.50 132.90 128.40 118.34 80.67 77.78 76.10 74.22 65.69 63.58 61.10 53.06 40.00 74.57 73.33 107.55 98.87 111.09 129.02 132.25 128.10 96.96 -9999.00 -9999.00 -9999.00 -9999.00 -9999.00 -9999.00 -9999.00 -9999.00 -9999.00 -9999.00 -9999.00 -9999.00 -9999.00 -9999.00
134.17 131.09 104.47 114.56 123.22 132.67 124.61 113.10 124.89 120.26 123.25 122.14 124.04 114.17 103.27 101.53 100.58 82.98 99.12 100.11 67.89 70.44 54.07 77.88 87.64 78.47 71.25 68.36 123.96 130.01 119.49 119.18 108.75 111.99 122.09 123.48 122.45 133.28 135.80 125.89 77.01 76.54 77.09 75.36 73.45 69.20 66.46 64.13 57.19 38.71 72.21 75.54 72.49 91.86 112.51 110.45 111.71 113.95 126.48 -9999.00 -9999.00 -9999.00 -9999.00 -9999.00 -9999.00 -9999.00 -9999.00 -9999.00 -9999.00 -9999.00 -9999.00 -9999.00
130.17 134.77 135.69 129.39 105.15 122.02 122.97 124.74 131.26 131.96 127.14 120.31 115.98 112.77 107.69 103.85 97.19 111.50 101.18 95.29 69.31 76.73 72.44 56.15 75.82 87.09 75.93 64.94 116.19 128.56 121.30 116.08 96.19 103.17 117.68 74.85 101.01 122.70 130.51 124.36 87.60 103.41 75.76 72.69 69.07 66.69 64.83 63.44 62.29 57.88 37.65 71.10 72.96 72.40 114.58 133.78 135.12 128.62 121.33 137.92 135.20 -9999.00 -9999.00 -9999.00 -9999.00 -9999.00 -9999.00 -9999.00 -9999.00 -9999.00 -9999.00 -9999.00
114.36 116.85 99.16 123.48 125.54 137.70 136.27 130.02 133.81 119.47 137.40 137.27 140.06 127.40 122.94 128.17 119.37 114.28 100.43 102.26 108.99 103.33 111.09 69.32 60.04 71.31 78.93 71.10 60.72 107.17 91.29 99.86 118.80 126.27 134.12 135.84 128.40 105.40 66.52 95.09 70.41 70.32 68.74 63.85 61.78 60.77 60.15 59.72 59.38 59.05 56.33 36.57 69.83 73.12 75.51 111.16 122.62 125.28 125.79 105.56 113.51 110.27 -9999.00 -9999.00 -9999.00 -9999.00 -9999.00 -9999.00 -9999.00 -9999.00 -9999.00 -9999.00
125.61 103.73 113.43 126.19 133.55 130.55 126.47 121.02 125.28 130.98 125.86 125.15 129.33 134.94 136.86 126.86 115.70 121.47 107.83 119.60 122.39 105.37 110.33 92.55 97.42 96.46 112.09 100.75 82.28 85.50 88.69 106.90 117.84 131.78 127.60 127.20 130.42 125.89 131.97 119.94 67.98 63.71 57.08 56.41 56.34 56.46 56.58 56.68 56.77 57.36 58.07 55.97 35.53 69.96 74.79 77.32 116.35 113.68 102.99 80.02 121.72 126.59 113.57 -9999.00 -9999.00 -9999.00 -9999.00 -9999.00 -9999.00 -9999.00 -9999.00 -9999.00
99.52 104.65 119.55 130.86 124.11 121.83 118.68 112.97 117.35 113.23 134.83 121.61 123.17 138.83 135.63 131.82 126.80 125.84 127.05 132.58 122.52 107.93 108.11 103.90 105.51 108.00 105.93 95.74 110.10 109.26 91.37 57.79 115.20 112.13 116.89 115.24 117.33 112.78 118.22 60.65 57.58 49.66 51.81 53.03 53.78 54.35 54.75 55.05 57.28 58.88 59.50 59.92 56.91 34.72 70.98 76.44 79.73 73.89 57.65 117.01 128.39 138.05 131.23 -9999.00 -9999.00 -9999.00 -9999.00 -9999.00 -9999.00 -9999.00 -9999.00 -9999.00
123.65 123.94 128.38 130.56 125.59 111.89 117.05 114.38 115.14 106.66 132.44 111.78 122.20 119.25 127.67 133.12 135.27 123.73 132.77 133.56 125.98 109.25 117.58 113.50 125.56 127.44 98.51 108.42 111.24 109.92 100.02 55.88 50.49 73.43 52.56 54.27 51.94 47.27 51.67 54.08 44.03 122.63 115.76 128.90 119.77 111.51 115.97 93.19 119.39 65.71 64.22 61.45 58.23 54.89 34.00 72.06 75.75 61.74 96.15 127.35 136.03 124.18 126.33 129.65 125.91 130.81 -9999.00 -9999.00 -9999.00 -9999.00 -9999.00 -9999.00
135.67 126.89 130.95 123.79 123.95 107.69 113.95 111.16 102.04 122.64 129.95 106.41 112.12 118.61 120.76 127.97 137.74 136.46 127.36 121.87 108.11 124.58 129.25 124.23 119.47 102.18 98.78 115.22 115.08 105.34 93.75 79.25 80.01 94.38 75.16 56.48 47.72 89.60 95.95 49.48 95.16 104.93 106.61 127.96 121.92 122.80 126.30 116.62 124.02 104.82 70.04 59.02 121.85 134.48 120.13 41.27 65.52 53.88 103.36 100.38 64.36 111.07 122.76 125.86 125.85 133.61 -9999.00 -9999.00 -9999.00 -9999.00 -9999.00 -9999.00
128.51 123.64 130.55 123.21 115.43 107.41 110.81 97.89 108.40 129.83 132.41 99.74 98.16 114.26 120.29 130.43 120.47 135.76 123.26 118.70 122.46 135.22 136.55 123.79 105.87 103.34 114.41 119.89 111.57 104.07 97.77 92.87 81.88 101.30 102.10 107.81 111.65 104.06 95.59 96.88 98.76 117.11 117.80 116.10 129.77 126.35 127.33 127.21 128.18 118.60 125.73 112.99 124.89 130.06 125.63 41.16 39.91 97.71 127.21 108.52 105.58 106.48 118.73 123.68 113.61 129.66 124.22 128.20 -9999.00 -9999.00 -9999.00 -9999.00
