Data/ASC_file/zhimenda_FlowAccumulationArea.asc
ncols           679
          nrows           333
          xllcorner      90.54720
          yllcorner      32.43537
          cellsize        0.01000
        NODATA_value  -9999.00000
[rows 36 to 71 of 333, columns 162 to 242 of 679]
-9999.00 -9999.00 -9999.00 -9999.00 -9999.00 -9999.00 -9999.00 -9999.00 -9999.00 -9999.00 -9999.00 -9999.00 -9999.00 -9999.00 -9999.00 2.00 2.00 0.00 0.00 18.00 21.00 0.00 33.00 40.00 71.00 77.00 92.00 0.00 1.00 1.00 0.00 0.00 1.00 17.00 1.00 0.00 0.00 17.00 7.00 8.00 2.00 7.00 0.00 6.00 3.00 0.00 5.00 11.00 14.00 15.00 0.00 11.00 11.00 6.00 0.00 2.00 0.00 12.00 1.00 0.00 0.00 0.00 1.00 5.00 0.00 1.00 5.00 4.00 0.00 1.00 0.00 0.00 0.00 -9999.00 -9999.00 -9999.00 -9999.00 -9999.00 -9999.00 -9999.00 -9999.00
-9999.00 -9999.00 -9999.00 -9999.00 -9999.00 -9999.00 -9999.00 -9999.00 -9999.00 -9999.00 -9999.00 -9999.00 -9999.00 -9999.00 -9999.00 1.00 6.00 14.00 16.00 0.00 0.00 0.00 1.00 18.00 0.00 0.00 0.00 95.00 98.00 102.00 0.00 0.00 0.00 0.00 136.00 1.00 1.00 20.00 29.00 12.00 8.00 0.00 0.00 11.00 0.00 0.00 0.00 0.00 0.00 0.00 16.00 12.00 12.00 0.00 3.00 0.00 16.00 1.00 0.00 0.00 1.00 3.00 6.00 0.00 2.00 0.00 12.00 0.00 0.00 2.00 0.00 0.00 3.00 0.00 0.00 0.00 -9999.00 -9999.00 -9999.00 0.00 0.00
-9999.00 -9999.00 -9999.00 -9999.00 -9999.00 -9999.00 -9999.00 0.00 0.00 0.00 0.00 0.00 -9999.00 -9999.00 -9999.00 0.00 0.00 2.00 0.00 0.00 1.00 7.00 8.00 5.00 0.00 0.00 1.00 0.00 0.00 0.00 103.00 107.00 109.00 114.00 0.00 140.00 0.00 0.00 0.00 57.00 13.00 3.00 1.00 0.00 14.00 1.00 1.00 0.00 3.00 5.00 23.00 24.00 51.00 5.00 0.00 19.00 0.00 2.00 1.00 0.00 6.00 7.00 0.00 4.00 1.00 13.00 0.00 0.00 0.00 4.00 1.00 5.00 0.00 0.00 0.00 2.00 0.00 0.00 0.00 3.00 0.00
-9999.00 -9999.00 -9999.00 -9999.00 -9999.00 0.00 0.00 1.00 1.00 1.00 1.00 1.00 0.00 0.00 0.00 0.00 0.00 0.00 0.00 1.00 4.00 0.00 2.00 1.00 0.00 0.00 0.00 4.00 3.00 0.00 0.00 0.00 3.00 0.00 1.00 4.00 141.00 144.00 204.00 0.00 0.00 0.00 0.00 0.00 15.00 0.00 5.00 0.00 0.00 0.00 0.00 0.00 0.00 59.00 21.00 0.00 4.00 0.00 0.00 17.00 8.00 0.00 0.00 26.00 18.00 1.00 1.00 0.00 0.00 8.00 6.00 1.00 0.00 1.00 1.00 4.00 0.00 0.00 1.00 2.00 5.00
-9999.00 -9999.00 -9999.00 -9999.00 -9999.00 0.00 7.00 12.00 15.00 2.00 0.00 33.00 1.00 1.00 2.00 0.00 0.00 0.00 0.00 0.00 1.00 0.00 0.00 0.00 1.00 7.00 8.00 136.00 146.00 0.00 0.00 0.00 1.00 0.00 1.00 0.00 7.00 230.00 232.00 440.00 443.00 446.00 447.00 452.00 469.00 0.00 0.00 7.00 0.00 3.00 3.00 0.00 0.00 0.00 60.00 29.00 0.00 0.00 19.00 0.00 1.00 0.00 0.00 27.00 3.00 2.00 0.00 1.00 1.00 20.00 3.00 0.00 3.00 0.00 0.00 7.00 1.00 1.00 0.00 0.00 9.00
-9999.00 -9999.00 -9999.00 -9999.00 -9999.00 1.00 1.00 1.00 2.00 21.00 27.00 0.00 37.00 42.00 3.00 2.00 0.00 1.00 1.00 0.00 0.00 0.00 0.00 0.00 1.00 0.00 125.00 0.00 1.00 153.00 155.00 0.00 0.00 0.00 0.00 0.00 218.00 2.00 0.00 0.00 0.00 0.00 0.00 0.00 0.00 471.00 0.00 9.00 0.00 545.00 6.00 1.00 0.00 0.00 93.00 0.00 0.00 23.00 1.00 2.00 1.00 0.00 0.00 33.00 1.00 0.00 0.00 3.00 25.00 1.00 0.00 0.00 4.00 1.00 0.00 9.00 2.00 2.00 1.00 1.00 10.00
-9999.00 -9999.00 -9999.00 -9999.00 -9999.00 0.00 0.00 0.00 1.00 1.00 1.00 1.00 0.00 6.00 55.00 59.00 1.00 72.00 2.00 1.00 1.00 0.00 1.00 3.00 0.00 0.00 123.00 0.00 2.00 0.00 2.00 184.00 186.00 1.00 3.00 216.00 0.00 0.00 0.00 0.00 0.00 0.00 0.00 1.00 0.00 513.00 516.00 534.00 539.00 0.00 554.00 0.00 1.00 0.00 94.00 1.00 25.00 0.00 3.00 2.00 0.00 0.00 2.00 36.00 0.00 0.00 1.00 31.00 0.00 0.00 0.00 1.00 0.00 8.00 0.00 10.00 0.00 6.00 2.00 2.00 11.00
-9999.00 -9999.00 -9999.00 0.00 0.00 0.00 0.00 0.00 0.00 0.00 0.00 0.00 2.00 1.00 0.00 2.00 67.00 0.00 81.00 83.00 88.00 90.00 99.00 110.00 114.00 115.00 122.00 0.00 0.00 0.00 18.00 23.00 0.00 188.00 202.00 211.00 0.00 0.00 0.00 0.00 15.00 20.00 21.00 26.00 37.00 0.00 0.00 6.00 3.00 0.00 4.00 560.00 1.00 5.00 101.00 678.00 707.00 5.00 0.00 3.00 2.00 0.00 3.00 37.00 2.00 36.00 33.00 0.00 0.00 1.00 1.00 2.00 1.00 0.00 10.00 11.00 1.00 10.00 0.00 3.00 12.00
-9999.00 -9999.00 0.00 0.00 2.00 2.00 1.00 0.00 0.00 0.00 0.00 0.00 0.00 0.00 1.00 1.00 1.00 1.00 1.00 0.00 3.00 7.00 2.00 2.00 1.00 0.00 5.00 0.00 15.00 17.00 0.00 2.00 7.00 12.00 0.00 6.00 0.00 0.00 5.00 10.00 0.00 2.00 3.00 1.00 2.00 2.00 2.00 2.00 2.00 1.00 0.00 1.00 563.00 564.00 575.00 0.00 3.00 722.00 724.00 4.00 3.00 1.00 4.00 41.00 39.00 1.00 0.00 0.00 5.00 0.00 6.00 3.00 3.00 0.00 11.00 24.00 27.00 39.00 1.00 4.00 13.00
0.00 0.00 1.00 0.00 15.00 9.00 2.00 0.00 2.00 0.00 0.00 2.00 0.00 0.00 0.00 0.00 0.00 0.00 0.00 0.00 1.00 2.00 1.00 1.00 0.00 2.00 0.00 3.00 13.00 0.00 1.00 6.00 0.00 2.00 1.00 0.00 0.00 0.00 0.00 1.00 1.00 1.00 2.00 0.00 1.00 1.00 1.00 1.00 1.00 0.00 0.00 1.00 2.00 8.00 0.00 0.00 0.00 3.00 0.00 736.00 742.00 745.00 5.00 84.00 1.00 0.00 0.00 0.00 6.00 7.00 2.00 0.00 4.00 2.00 0.00 0.00 3.00 0.00 48.00 5.00 0.00
0.00 2.00 2.00 0.00 17.00 0.00 0.00 3.00 0.00 1.00 0.00 3.00 1.00 1.00 0.00 0.00 0.00 0.00 0.00 0.00 0.00 0.00 0.00 0.00 0.00 0.00 2.00 2.00 0.00 4.00 0.00 5.00 0.00 0.00 0.00 0.00 1.00 0.00 0.00 0.00 0.00 0.00 0.00 0.00 0.00 0.00 0.00 0.00 0.00 0.00 0.00 0.00 1.00 4.00 1.00 0.00 0.00 2.00 0.00 3.00 0.00 0.00 775.00 861.00 0.00 0.00 1.00 9.00 0.00 12.00 0.00 0.00 0.00 9.00 0.00 1.00 0.00 54.00 0.00 0.00 0.00
1.00 3.00 3.00 1.00 18.00 0.00 4.00 0.00 1.00 2.00 0.00 5.00 0.00 4.00 1.00 1.00 0.00 3.00 0.00 0.00 0.00 0.00 0.00 0.00 0.00 0.00 0.00 1.00 1.00 1.00 1.00 3.00 0.00 0.00 0.00 0.00 2.00 25.00 1.00 0.00 0.00 0.00 0.00 0.00 0.00 0.00 0.00 0.00 0.00 1.00 0.00 0.00 0.00 0.00 1.00 0.00 0.00 0.00 1.00 0.00 0.00 18.00 2.00 1.00 866.00 869.00 882.00 0.00 0.00 13.00 0.00 0.00 0.00 0.00 10.00 0.00 0.00 57.00 0.00 1.00 0.00
2.00 4.00 4.00 0.00 22.00 1.00 5.00 1.00 2.00 4.00 0.00 6.00 1.00 5.00 2.00 2.00 1.00 4.00 1.00 1.00 1.00 1.00 6.00 4.00 2.00 0.00 0.00 0.00 0.00 0.00 0.00 0.00 1.00 3.00 13.00 17.00 20.00 0.00 29.00 39.00 44.00 46.00 52.00 54.00 1.00 1.00 1.00 1.00 3.00 2.00 1.00 1.00 5.00 2.00 0.00 1.00 0.00 0.00 1.00 7.00 14.00 1.00 1.00 0.00 0.00 0.00 1.00 890.00 893.00 908.00 2.00 0.00 1.00 0.00 12.00 1.00 1.00 58.00 1.00 2.00 0.00
9.00 0.00 5.00 0.00 25.00 0.00 8.00 0.00 8.00 0.00 8.00 0.00 0.00 2.00 9.00 3.00 2.00 5.00 2.00 2.00 2.00 9.00 0.00 0.00 0.00 0.00 1.00 0.00 0.00 0.00 0.00 0.00 0.00 1.00 6.00 1.00 1.00 1.00 4.00 0.00 2.00 3.00 0.00 3.00 62.00 66.00 69.00 70.00 75.00 3.00 2.00 2.00 7.00 0.00 5.00 1.00 0.00 0.00 2.00 1.00 5.00 0.00 0.00 0.00 0.00 0.00 0.00 3.00 0.00 0.00 909.00 4.00 2.00 1.00 13.00 2.00 2.00 59.00 2.00 3.00 0.00
72.00 0.00 6.00 8.00 35.00 46.00 0.00 10.00 1.00 0.00 10.00 1.00 0.00 0.00 4.00 16.00 31.00 0.00 6.00 3.00 0.00 0.00 11.00 1.00 2.00 0.00 3.00 1.00 0.00 1.00 1.00 0.00 0.00 0.00 2.00 0.00 0.00 0.00 3.00 0.00 0.00 2.00 0.00 0.00 0.00 0.00 4.00 5.00 14.00 95.00 3.00 3.00 18.00 9.00 2.00 1.00 0.00 0.00 0.00 0.00 2.00 0.00 0.00 0.00 0.00 2.00 0.00 0.00 0.00 2.00 0.00 915.00 3.00 0.00 2.00 8535.00 8539.00 60.00 3.00 4.00 0.00
39.00 114.00 115.00 116.00 117.00 118.00 167.00 179.00 183.00 0.00 13.00 1.00 0.00 0.00 0.00 0.00 0.00 34.00 7.00 4.00 1.00 13.00 0.00 2.00 3.00 5.00 2.00 1.00 0.00 2.00 2.00 1.00 0.00 0.00 0.00 0.00 0.00 0.00 0.00 0.00 0.00 0.00 0.00 1.00 2.00 3.00 4.00 7.00 0.00 1.00 102.00 4.00 21.00 1.00 0.00 0.00 0.00 2.00 0.00 0.00 0.00 0.00 0.00 2.00 0.00 4.00 0.00 0.00 1.00 0.00 5.00 916.00 921.00 923.00 0.00 8513.00 0.00 8602.00 8607.00 8613.00 8614.00
16.00 17.00 18.00 19.00 20.00 21.00 22.00 23.00 24.00 210.00 227.00 1.00 1.00 0.00 0.00 0.00 0.00 1.00 45.00 53.00 2.00 14.00 1.00 3.00 4.00 6.00 5.00 0.00 0.00 7.00 2.00 1.00 0.00 0.00 0.00 1.00 1.00 0.00 0.00 0.00 0.00 0.00 0.00 0.00 0.00 3.00 0.00 0.00 1.00 2.00 3.00 112.00 23.00 0.00 1.00 0.00 6.00 1.00 0.00 0.00 0.00 0.00 2.00 3.00 0.00 0.00 5.00 1.00 0.00 2.00 9.00 10.00 11.00 12.00 8509.00 2.00 0.00 5.00 28.00 40.00 43.00
23.00 24.00 25.00 26.00 27.00 28.00 29.00 30.00 31.00 32.00 33.00 264.00 3.00 0.00 2.00 0.00 0.00 0.00 1.00 0.00 59.00 15.00 2.00 9.00 0.00 13.00 0.00 1.00 1.00 8.00 3.00 2.00 2.00 0.00 0.00 5.00 0.00 1.00 1.00 2.00 0.00 0.00 2.00 1.00 0.00 0.00 0.00 0.00 0.00 5.00 6.00 7.00 145.00 0.00 2.00 8.00 0.00 0.00 0.00 1.00 0.00 1.00 4.00 5.00 0.00 0.00 1.00 11.00 13.00 7491.00 7495.00 7554.00 7567.00 7570.00 0.00 1.00 2.00 0.00 21.00 10.00 1.00
99.00 100.00 101.00 102.00 103.00 104.00 105.00 106.00 107.00 108.00 109.00 110.00 380.00 382.00 4.00 0.00 1.00 0.00 0.00 0.00 0.00 61.00 81.00 11.00 0.00 15.00 0.00 2.00 0.00 11.00 4.00 3.00 3.00 1.00 0.00 7.00 1.00 4.00 0.00 3.00 1.00 1.00 3.00 3.00 0.00 0.00 0.00 0.00 0.00 3.00 0.00 1.00 8.00 156.00 7372.00 7382.00 7385.00 0.00 1.00 2.00 0.00 3.00 0.00 11.00 13.00 1.00 0.00 7463.00 7473.00 2.00 2.00 57.00 11.00 1.00 0.00 0.00 1.00 14.00 5.00 9.00 0.00
16.00 17.00 18.00 19.00 20.00 21.00 22.00 23.00 24.00 25.00 26.00 27.00 28.00 29.00 418.00 1.00 2.00 1.00 1.00 0.00 0.00 0.00 3.00 98.00 1.00 16.00 1.00 3.00 1.00 12.00 5.00 8.00 0.00 2.00 1.00 0.00 11.00 6.00 4.00 0.00 0.00 2.00 13.00 0.00 1.00 1.00 3.00 0.00 0.00 0.00 0.00 5.00 0.00 7210.00 0.00 1.00 5.00 7396.00 7401.00 7405.00 0.00 7422.00 7426.00 7427.00 7428.00 7445.00 7462.00 0.00 7.00 1.00 1.00 56.00 3.00 6.00 0.00 0.00 3.00 9.00 4.00 7.00 0.00
12.00 13.00 14.00 15.00 16.00 17.00 18.00 19.00 20.00 21.00 5556.00 5557.00 5586.00 5588.00 5617.00 6039.00 3.00 6.00 2.00 1.00 1.00 0.00 1.00 6390.00 6504.00 6522.00 6525.00 6530.00 6533.00 6547.00 6.00 10.00 3.00 0.00 0.00 2.00 0.00 20.00 26.00 28.00 30.00 0.00 15.00 4.00 0.00 7.00 0.00 0.00 1.00 0.00 0.00 3.00 7201.00 6.00 4.00 0.00 2.00 2.00 1.00 1.00 7414.00 0.00 1.00 0.00 6.00 9.00 5.00 0.00 6.00 0.00 0.00 55.00 2.00 4.00 0.00 1.00 0.00 8.00 3.00 6.00 0.00
5191.00 5192.00 5193.00 5194.00 5195.00 5375.00 5377.00 5379.00 5381.00 5533.00 0.00 26.00 0.00 0.00 27.00 1.00 6043.00 6048.00 6060.00 6071.00 6078.00 6387.00 6389.00 1.00 9.00 0.00 12.00 19.00 21.00 23.00 6572.00 6600.00 6605.00 1.00 6614.00 6618.00 6619.00 6620.00 6621.00 6622.00 6623.00 6655.00 6656.00 6678.00 8.00 0.00 0.00 0.00 0.00 5.00 0.00 0.00 7200.00 0.00 1.00 1.00 1.00 1.00 0.00 0.00 4.00 0.00 0.00 1.00 4.00 1.00 3.00 1.00 1.00 3.00 0.00 54.00 1.00 0.00 1.00 0.00 4.00 2.00 2.00 1.00 2.00
21.00 22.00 172.00 174.00 176.00 1.00 0.00 0.00 0.00 150.00 1.00 6.00 15.00 24.00 1.00 0.00 0.00 3.00 0.00 7.00 3.00 307.00 0.00 0.00 8.00 7.00 2.00 5.00 0.00 0.00 0.00 7.00 2.00 6610.00 0.00 1.00 2.00 3.00 4.00 5.00 6.00 7.00 8.00 9.00 6698.00 6700.00 6702.00 6704.00 0.00 0.00 9.00 7197.00 1.00 0.00 0.00 0.00 0.00 0.00 0.00 3.00 0.00 1.00 0.00 0.00 0.00 0.00 0.00 0.00 0.00 0.00 0.00 50.00 2.00 0.00 0.00 1.00 1.00 1.00 1.00 0.00 0.00
4.00 147.00 0.00 0.00 0.00 0.00 0.00 3.00 147.00 1.00 0.00 5.00 14.00 19.00 3.00 0.00 1.00 0.00 2.00 3.00 2.00 306.00 0.00 7.00 1.00 4.00 1.00 3.00 0.00 1.00 6.00 1.00 0.00 0.00 265.00 270.00 271.00 272.00 273.00 274.00 275.00 305.00 315.00 317.00 319.00 320.00 321.00 356.00 7062.00 0.00 0.00 7186.00 3.00 0.00 0.00 0.00 0.00 0.00 0.00 0.00 0.00 3.00 7.00 9.00 10.00 11.00 21.00 22.00 23.00 24.00 47.00 0.00 0.00 1.00 0.00 0.00 0.00 0.00 0.00 0.00 5.00
137.00 0.00 2.00 1.00 0.00 0.00 1.00 0.00 142.00 0.00 0.00 4.00 13.00 18.00 1.00 0.00 0.00 1.00 2.00 1.00 240.00 62.00 0.00 6.00 0.00 3.00 0.00 2.00 0.00 1.00 1.00 0.00 0.00 261.00 1.00 3.00 3.00 7.00 10.00 17.00 25.00 2.00 8.00 0.00 0.00 4.00 33.00 2.00 4.00 7103.00 7179.00 0.00 0.00 1.00 0.00 2.00 0.00 1.00 0.00 0.00 0.00 0.00 0.00 0.00 0.00 7.00 0.00 0.00 2.00 4.00 16.00 11.00 0.00 3.00 2.00 0.00 0.00 0.00 0.00 3.00 1.00
82.00 4.00 3.00 1.00 0.00 0.00 0.00 136.00 2.00 0.00 0.00 2.00 12.00 0.00 16.00 0.00 0.00 1.00 0.00 238.00 0.00 3.00 57.00 0.00 4.00 2.00 0.00 0.00 0.00 0.00 0.00 8.00 254.00 4.00 0.00 2.00 2.00 2.00 1.00 5.00 6.00 1.00 6.00 0.00 0.00 2.00 27.00 1.00 0.00 34.00 74.00 56.00 53.00 52.00 3.00 0.00 1.00 2.00 1.00 1.00 0.00 0.00 0.00 0.00 3.00 1.00 0.00 0.00 0.00 0.00 1.00 1.00 9.00 2.00 0.00 0.00 4.00 0.00 0.00 0.00 0.00
1.00 74.00 0.00 0.00 0.00 0.00 41.00 92.00 8.00 0.00 0.00 0.00 7.00 3.00 14.00 0.00 0.00 231.00 235.00 1.00 0.00 1.00 53.00 2.00 3.00 1.00 1.00 3.00 4.00 5.00 6.00 0.00 243.00 3.00 0.00 1.00 1.00 1.00 0.00 4.00 5.00 0.00 3.00 1.00 1.00 0.00 25.00 0.00 21.00 11.00 16.00 0.00 0.00 1.00 44.00 0.00 5.00 6.00 3.00 0.00 0.00 8.00 10.00 0.00 0.00 0.00 0.00 1.00 1.00 0.00 0.00 0.00 0.00 0.00 0.00 6.00 0.00 0.00 0.00 0.00 0.00
0.00 71.00 0.00 25.00 34.00 37.00 0.00 80.00 1.00 7.00 6.00 0.00 6.00 2.00 12.00 0.00 230.00 0.00 1.00 0.00 0.00 0.00 51.00 1.00 2.00 0.00 0.00 0.00 0.00 103.00 104.00 126.00 115.00 1.00 0.00 0.00 0.00 0.00 1.00 1.00 4.00 1.00 0.00 0.00 0.00 23.00 0.00 10.00 9.00 9.00 0.00 15.00 0.00 0.00 2.00 38.00 36.00 1.00 0.00 0.00 3.00 0.00 0.00 11.00 0.00 0.00 3.00 8.00 0.00 0.00 0.00 0.00 0.00 0.00 0.00 8.00 0.00 0.00 0.00 3.00 1.00
70.00 0.00 23.00 0.00 6.00 1.00 77.00 0.00 0.00 0.00 1.00 2.00 5.00 1.00 9.00 1.00 229.00 0.00 0.00 1.00 21.00 32.00 17.00 0.00 0.00 0.00 1.00 0.00 0.00 100.00 3.00 16.00 114.00 1.00 0.00 0.00 0.00 0.00 0.00 2.00 0.00 0.00 0.00 1.00 22.00 3.00 5.00 3.00 8.00 3.00 4.00 10.00 2.00 0.00 1.00 0.00 20.00 1.00 0.00 0.00 0.00 0.00 1.00 1.00 12.00 1.00 0.00 0.00 12.00 14.00 4.00 1.00 0.00 2.00 0.00 9.00 0.00 1.00 1.00 4.00 3.00
1.00 0.00 20.00 1.00 3.00 0.00 18.00 57.00 4.00 0.00 0.00 1.00 4.00 0.00 8.00 0.00 224.00 3.00 0.00 2.00 15.00 8.00 0.00 16.00 0.00 0.00 0.00 92.00 98.00 0.00 2.00 15.00 111.00 0.00 0.00 2.00 1.00 0.00 0.00 0.00 0.00 0.00 0.00 16.00 2.00 2.00 0.00 2.00 7.00 2.00 3.00 3.00 5.00 0.00 0.00 4.00 5.00 6.00 0.00 0.00 0.00 0.00 1.00 5.00 21.00 25.00 0.00 0.00 0.00 0.00 21.00 1.00 0.00 4.00 10.00 1.00 0.00 0.00 9.00 0.00 4.00
0.00 19.00 0.00 1.00 0.00 0.00 17.00 51.00 0.00 1.00 0.00 0.00 3.00 5.00 1.00 1.00 221.00 2.00 0.00 4.00 9.00 0.00 6.00 13.00 0.00 0.00 2.00 84.00 4.00 0.00 0.00 14.00 3.00 105.00 9.00 4.00 1.00 0.00 0.00 0.00 0.00 3.00 13.00 0.00 1.00 1.00 0.00 0.00 6.00 1.00 2.00 2.00 2.00 1.00 1.00 1.00 2.00 1.00 4.00 0.00 3.00 0.00 0.00 0.00 1.00 23.00 51.00 53.00 0.00 0.00 89.00 92.00 1.00 19.00 0.00 2.00 3.00 0.00 0.00 10.00 6.00
1.00 17.00 0.00 0.00 1.00 14.00 0.00 3.00 46.00 8.00 1.00 0.00 2.00 4.00 0.00 0.00 220.00 1.00 3.00 4.00 3.00 0.00 4.00 2.00 9.00 0.00 82.00 0.00 2.00 0.00 1.00 11.00 2.00 0.00 94.00 1.00 0.00 0.00 1.00 0.00 2.00 4.00 3.00 1.00 0.00 0.00 0.00 2.00 2.00 0.00 1.00 1.00 1.00 0.00 0.00 0.00 1.00 0.00 3.00 0.00 2.00 11.00 12.00 13.00 14.00 20.00 1.00 3.00 59.00 0.00 64.00 0.00 96.00 117.00 0.00 3.00 4.00 0.00 0.00 1.00 20.00
10.00 3.00 0.00 6.00 11.00 1.00 2.00 0.00 35.00 1.00 3.00 1.00 1.00 2.00 0.00 216.00 2.00 0.00 2.00 3.00 2.00 1.00 3.00 1.00 8.00 57.00 0.00 22.00 1.00 0.00 6.00 3.00 0.00 0.00 67.00 23.00 1.00 0.00 3.00 0.00 0.00 0.00 0.00 0.00 0.00 0.00 0.00 0.00 0.00 0.00 0.00 0.00 0.00 0.00 0.00 0.00 0.00 0.00 1.00 0.00 1.00 0.00 0.00 0.00 3.00 0.00 0.00 0.00 0.00 61.00 1.00 0.00 0.00 0.00 121.00 9.00 1.00 1.00 0.00 0.00 0.00
7.00 2.00 3.00 0.00 3.00 0.00 4.00 30.00 3.00 0.00 0.00 0.00 0.00 0.00 0.00 215.00 0.00 0.00 1.00 2.00 1.00 0.00 0.00 0.00 7.00 56.00 19.00 1.00 0.00 0.00 4.00 1.00 0.00 61.00 1.00 1.00 20.00 5.00 0.00 0.00 1.00 0.00 0.00 0.00 1.00 0.00 4.00 0.00 0.00 0.00 0.00 0.00 0.00 1.00 3.00 1.00 0.00 0.00 0.00 0.00 0.00 0.00 1.00 3.00 1.00 0.00 0.00 0.00 0.00 0.00 0.00 0.00 0.00 0.00 0.00 123.00 12.00 2.00 1.00 1.00 23.00
3.00 1.00 2.00 1.00 0.00 3.00 7.00 0.00 15.00 2.00 0.00 0.00 0.00 1.00 211.00 0.00 1.00 0.00 0.00 1.00 0.00 0.00 1.00 2.00 3.00 55.00 16.00 1.00 0.00 0.00 2.00 0.00 57.00 2.00 0.00 0.00 10.00 1.00 0.00 0.00 3.00 1.00 2.00 0.00 0.00 3.00 5.00 0.00 1.00 1.00 1.00 1.00 1.00 7.00 0.00 0.00 3.00 0.00 0.00 1.00 0.00 0.00 0.00 5.00 1.00 0.00 0.00 3.00 1.00 1.00 0.00 0.00 3.00 0.00 1.00 0.00 251.00 0.00 258.00 263.00 288.00
2.00 0.00 1.00 0.00 2.00 5.00 0.00 1.00 12.00 0.00 0.00 76.00 77.00 78.00 52.00 76.00 1.00 0.00 0.00 0.00 0.00 0.00 1.00 2.00 47.00 6.00 15.00 0.00 0.00 0.00 0.00 14.00 56.00 0.00 1.00 2.00 1.00 4.00 0.00 0.00 6.00 2.00 4.00 0.00 0.00 10.00 0.00 1.00 0.00 2.00 4.00 2.00 10.00 0.00 0.00 7.00 1.00 0.00 0.00 3.00 0.00 1.00 1.00 0.00 8.00 0.00 0.00 0.00 4.00 4.00 1.00 0.00 4.00 0.00 0.00 112.00 0.00 253.00 0.00 2.00 4.00
