Data/ASC_file/zhimenda_FlowAccumulationArea.asc
ncols           679
          nrows           333
          xllcorner      90.54720
          yllcorner      32.43537
          cellsize        0.01000
        NODATA_value  -9999.00000
[rows 180 to 215 of 333, columns 162 to 242 of 679]
5.00 0.00 2.00 0.00 11.00 4.00 1.00 0.00 2.00 1.00 62.00 8.00 0.00 1.00 1.00 0.00 21.00 10.00 12.00 4.00 3.00 0.00 119.00 5.00 8.00 12.00 17.00 0.00 6.00 0.00 0.00 2.00 0.00 0.00 0.00 131.00 134.00 135.00 146.00 154.00 160.00 3.00 0.00 0.00 0.00 5.00 0.00 0.00 0.00 14059.00 0.00 12.00 0.00 14649.00 1.00 0.00 1.00 0.00 0.00 0.00 0.00 0.00 0.00 0.00 0.00 2.00 0.00 0.00 1.00 2.00 146.00 0.00 1.00 0.00 1.00 1.00 2.00 109.00 0.00 29.00 2.00
0.00 7.00 3.00 1.00 17.00 0.00 2.00 0.00 1.00 3.00 79.00 11.00 1.00 2.00 2.00 0.00 34.00 13.00 0.00 9.00 0.00 121.00 0.00 1.00 1.00 1.00 1.00 1.00 3.00 0.00 1.00 0.00 1.00 9.00 11.00 1.00 0.00 7.00 3.00 1.00 4.00 0.00 0.00 1.00 3.00 0.00 3.00 0.00 14056.00 1.00 5.00 5.00 0.00 9.00 14636.00 4.00 1.00 0.00 0.00 1.00 0.00 0.00 0.00 0.00 1.00 0.00 0.00 0.00 14.00 119.00 3.00 18.00 1.00 0.00 0.00 0.00 1.00 108.00 0.00 26.00 0.00
8.00 0.00 0.00 4.00 20.00 4.00 0.00 0.00 1.00 4.00 86.00 0.00 0.00 3.00 11.00 12.00 50.00 1.00 0.00 10.00 123.00 1.00 0.00 0.00 0.00 0.00 0.00 0.00 0.00 0.00 0.00 0.00 3.00 2.00 0.00 0.00 0.00 5.00 2.00 0.00 0.00 2.00 0.00 0.00 0.00 1.00 0.00 14049.00 14054.00 0.00 4.00 4.00 0.00 7.00 2.00 14627.00 1.00 0.00 0.00 1.00 7.00 2.00 0.00 0.00 0.00 0.00 3.00 12.00 99.00 3.00 2.00 3.00 11.00 4.00 0.00 0.00 104.00 2.00 0.00 9.00 14.00
10.00 0.00 0.00 4244.00 4266.00 6.00 0.00 0.00 2.00 0.00 88.00 0.00 0.00 2.00 0.00 0.00 64.00 2.00 1.00 11.00 124.00 2.00 1.00 0.00 0.00 0.00 0.00 0.00 0.00 0.00 0.00 0.00 0.00 0.00 0.00 0.00 1.00 1.00 0.00 1.00 0.00 0.00 0.00 3.00 4.00 0.00 14042.00 0.00 1.00 1.00 3.00 3.00 3.00 1.00 1.00 1.00 14622.00 0.00 0.00 0.00 11.00 0.00 0.00 0.00 1.00 1.00 7.00 97.00 0.00 2.00 1.00 2.00 5.00 0.00 2.00 103.00 1.00 1.00 6.00 1.00 2.00
209.00 222.00 0.00 4235.00 0.00 4267.00 4286.00 4287.00 0.00 4.00 91.00 0.00 0.00 0.00 0.00 1.00 70.00 3.00 2.00 138.00 0.00 0.00 3.00 7.00 1.00 1.00 1.00 1.00 1.00 1.00 1.00 0.00 0.00 0.00 0.00 0.00 0.00 0.00 0.00 0.00 0.00 0.00 0.00 0.00 0.00 14033.00 6.00 1.00 0.00 0.00 2.00 2.00 2.00 0.00 0.00 0.00 15.00 14604.00 15.00 13.00 0.00 0.00 1.00 1.00 2.00 3.00 0.00 93.00 2.00 1.00 0.00 1.00 2.00 0.00 1.00 102.00 0.00 0.00 3.00 0.00 1.00
4002.00 4228.00 4232.00 1.00 2.00 5.00 3.00 0.00 4289.00 0.00 102.00 3.00 1.00 0.00 0.00 1.00 0.00 79.00 139.00 1.00 0.00 0.00 2.00 0.00 10.00 2.00 2.00 0.00 6.00 0.00 2.00 1.00 1.00 1.00 1.00 1.00 1.00 0.00 1.00 0.00 0.00 2.00 0.00 0.00 0.00 14025.00 3.00 0.00 0.00 0.00 0.00 1.00 1.00 0.00 0.00 13.00 0.00 1.00 14585.00 0.00 1.00 20.00 18.00 13.00 5.00 1.00 0.00 92.00 0.00 0.00 0.00 0.00 0.00 0.00 0.00 3.00 97.00 0.00 0.00 0.00 0.00
1.00 1.00 2.00 0.00 1.00 0.00 2.00 0.00 4.00 4295.00 4405.00 1.00 0.00 0.00 0.00 0.00 0.00 1.00 224.00 0.00 0.00 0.00 4.00 6.00 18.00 22.00 26.00 1.00 9.00 4.00 0.00 4.00 2.00 2.00 0.00 4.00 0.00 0.00 3.00 1.00 0.00 4.00 0.00 3.00 5.00 14018.00 0.00 0.00 0.00 0.00 0.00 0.00 0.00 0.00 5.00 5.00 0.00 0.00 1.00 14581.00 24.00 0.00 1.00 1.00 1.00 2.00 0.00 91.00 0.00 0.00 2.00 1.00 0.00 0.00 1.00 0.00 96.00 1.00 0.00 0.00 0.00
0.00 0.00 0.00 0.00 0.00 0.00 0.00 2.00 0.00 5.00 0.00 4409.00 0.00 1.00 1.00 1.00 0.00 0.00 1.00 228.00 1.00 0.00 1.00 2.00 3.00 4.00 5.00 33.00 9499.00 9515.00 9522.00 0.00 3.00 0.00 10.00 0.00 0.00 2.00 4.00 2.00 0.00 6.00 0.00 0.00 0.00 14017.00 10.00 9.00 5.00 1.00 1.00 0.00 0.00 1.00 0.00 4.00 0.00 0.00 9.00 14536.00 8.00 0.00 0.00 0.00 0.00 1.00 0.00 89.00 0.00 4.00 0.00 0.00 0.00 0.00 0.00 24.00 1.00 66.00 0.00 59.00 3.00
0.00 0.00 0.00 0.00 1.00 0.00 0.00 0.00 2.00 0.00 0.00 4413.00 4415.00 0.00 5.00 2.00 1.00 0.00 0.00 0.00 230.00 2.00 9447.00 9450.00 9453.00 9456.00 9459.00 9462.00 1.00 0.00 1.00 9526.00 9531.00 13.00 0.00 0.00 1.00 8.00 0.00 0.00 4.00 13944.00 13972.00 13975.00 13978.00 0.00 25.00 0.00 1.00 2.00 0.00 4.00 0.00 0.00 0.00 1.00 0.00 0.00 7.00 14535.00 6.00 3.00 2.00 1.00 0.00 0.00 0.00 6.00 79.00 77.00 63.00 2.00 0.00 1.00 0.00 13.00 7.00 0.00 64.00 0.00 53.00
0.00 23.00 21.00 16.00 3.00 0.00 0.00 0.00 0.00 0.00 0.00 1.00 0.00 4416.00 0.00 4469.00 4473.00 4477.00 4478.00 4481.00 4482.00 4714.00 4728.00 1.00 1.00 1.00 1.00 1.00 0.00 1.00 2.00 3.00 4.00 9551.00 0.00 13883.00 13901.00 13914.00 13917.00 13925.00 13927.00 3.00 25.00 0.00 1.00 21.00 0.00 0.00 0.00 1.00 0.00 2.00 12.00 0.00 0.00 0.00 0.00 4.00 0.00 14534.00 1.00 0.00 0.00 0.00 0.00 0.00 1.00 2.00 0.00 7.00 54.00 2.00 0.00 3.00 0.00 10.00 1.00 6.00 0.00 2.00 11.00
27.00 1.00 2.00 2.00 7.00 5.00 0.00 0.00 0.00 11.00 13.00 15.00 16.00 19.00 4455.00 2.00 0.00 1.00 0.00 1.00 2.00 4726.00 0.00 0.00 0.00 0.00 0.00 0.00 0.00 0.00 1.00 2.00 3.00 4305.00 13881.00 14.00 0.00 0.00 0.00 5.00 0.00 2.00 23.00 0.00 0.00 4.00 15.00 13.00 0.00 0.00 0.00 1.00 0.00 16.00 1.00 0.00 0.00 0.00 0.00 14533.00 8.00 0.00 4.00 1.00 0.00 0.00 0.00 0.00 3.00 2.00 1.00 51.00 0.00 16.00 0.00 9.00 0.00 3.00 0.00 1.00 2.00
0.00 0.00 1.00 1.00 0.00 2.00 0.00 4.00 7.00 0.00 0.00 0.00 0.00 3.00 13.00 0.00 0.00 0.00 0.00 0.00 6.00 4715.00 0.00 0.00 0.00 0.00 0.00 0.00 0.00 0.00 1.00 2.00 4300.00 0.00 22.00 0.00 12.00 0.00 0.00 2.00 0.00 1.00 0.00 21.00 0.00 2.00 0.00 9.00 1.00 0.00 0.00 0.00 0.00 1.00 19.00 0.00 0.00 0.00 1.00 14519.00 0.00 6.00 0.00 1.00 0.00 1.00 0.00 0.00 1.00 1.00 0.00 0.00 49.00 1.00 10.00 0.00 8.00 0.00 1.00 0.00 1.00
0.00 0.00 0.00 0.00 0.00 0.00 0.00 0.00 0.00 0.00 0.00 1.00 2.00 0.00 0.00 10.00 1.00 0.00 0.00 3.00 0.00 4713.00 0.00 1.00 6.00 8.00 10.00 0.00 3.00 4.00 5.00 4296.00 0.00 8.00 2.00 8.00 3.00 10.00 8.00 0.00 0.00 0.00 0.00 20.00 0.00 0.00 0.00 2.00 5.00 0.00 0.00 1.00 3.00 4.00 35.00 1.00 1.00 0.00 14497.00 0.00 19.00 18.00 0.00 6.00 2.00 3.00 1.00 0.00 0.00 0.00 0.00 1.00 26.00 0.00 0.00 8.00 2.00 7.00 6.00 0.00 0.00
1.00 0.00 0.00 0.00 0.00 0.00 0.00 0.00 0.00 0.00 0.00 1.00 4.00 5.00 6.00 7.00 0.00 0.00 1.00 0.00 4710.00 1.00 0.00 1.00 0.00 1.00 2.00 14.00 15.00 16.00 4288.00 0.00 0.00 6.00 1.00 3.00 0.00 2.00 0.00 7.00 2.00 0.00 0.00 9.00 6.00 4.00 0.00 1.00 1.00 1.00 0.00 2.00 4.00 7.00 0.00 37.00 40.00 54.00 14495.00 4.00 3.00 0.00 16.00 8.00 5.00 0.00 0.00 0.00 0.00 0.00 0.00 5.00 1.00 17.00 15.00 0.00 4.00 1.00 0.00 5.00 1.00
2.00 1.00 1.00 1.00 1.00 1.00 1.00 1.00 0.00 3.00 0.00 1.00 0.00 1.00 5.00 0.00 1.00 0.00 1.00 4707.00 0.00 0.00 0.00 1.00 2.00 3.00 4.00 5.00 6.00 288.00 3981.00 0.00 0.00 4.00 0.00 0.00 0.00 0.00 0.00 2.00 0.00 0.00 0.00 8.00 0.00 1.00 0.00 0.00 0.00 0.00 0.00 0.00 0.00 0.00 0.00 1.00 9.00 0.00 0.00 14433.00 0.00 1.00 0.00 1.00 0.00 0.00 1.00 2.00 2.00 0.00 0.00 2.00 0.00 0.00 10.00 2.00 0.00 2.00 0.00 2.00 0.00
0.00 2.00 5.00 2.00 2.00 2.00 2.00 2.00 0.00 5.00 0.00 0.00 1.00 2.00 0.00 4044.00 0.00 4701.00 4703.00 0.00 0.00 10.00 0.00 0.00 27.00 29.00 30.00 31.00 279.00 0.00 3979.00 0.00 0.00 1.00 0.00 0.00 0.00 2.00 1.00 0.00 1.00 0.00 0.00 6.00 0.00 0.00 0.00 0.00 0.00 0.00 0.00 0.00 0.00 1.00 2.00 5.00 0.00 1.00 2.00 14431.00 1.00 0.00 0.00 1.00 0.00 354.00 352.00 8.00 0.00 0.00 0.00 0.00 0.00 0.00 7.00 0.00 1.00 0.00 0.00 1.00 0.00
17.00 18.00 48.00 61.00 66.00 67.00 3.00 7.00 88.00 92.00 99.00 101.00 0.00 1.00 4035.00 0.00 4046.00 4697.00 0.00 0.00 8.00 0.00 13.00 14.00 25.00 0.00 0.00 215.00 1.00 28.00 0.00 3977.00 2.00 1.00 0.00 11.00 8.00 2.00 1.00 0.00 0.00 0.00 0.00 1.00 0.00 0.00 0.00 1.00 2.00 1.00 1.00 0.00 1.00 0.00 0.00 0.00 0.00 0.00 1.00 14425.00 0.00 367.00 365.00 363.00 358.00 2.00 336.00 0.00 3.00 1.00 0.00 0.00 0.00 0.00 0.00 4.00 3.00 2.00 1.00 0.00 0.00
16.00 27.00 0.00 2.00 0.00 0.00 69.00 76.00 1.00 0.00 0.00 0.00 4026.00 4031.00 0.00 1.00 645.00 0.00 2.00 2.00 3.00 0.00 1.00 9.00 0.00 1.00 182.00 30.00 0.00 1.00 24.00 0.00 3973.00 3971.00 3969.00 0.00 0.00 1.00 0.00 0.00 4.00 1.00 0.00 0.00 0.00 0.00 1.00 3.00 9.00 31.00 2.00 0.00 47.00 50.00 51.00 0.00 0.00 1.00 2.00 83.00 14337.00 0.00 0.00 0.00 0.00 1.00 2.00 332.00 0.00 0.00 6.00 3.00 1.00 0.00 4.00 3.00 2.00 1.00 0.00 0.00 3.00
6.00 0.00 1.00 1.00 0.00 2.00 5.00 0.00 0.00 0.00 0.00 3922.00 1.00 1.00 0.00 632.00 9.00 0.00 1.00 1.00 2.00 0.00 6.00 0.00 4.00 14.00 179.00 29.00 0.00 0.00 19.00 2.00 0.00 0.00 3.00 3951.00 1.00 0.00 0.00 8.00 1.00 0.00 0.00 0.00 0.00 2.00 4.00 8.00 18.00 0.00 39.00 41.00 0.00 0.00 0.00 53.00 55.00 57.00 78.00 0.00 13967.00 3.00 2.00 1.00 0.00 0.00 1.00 2.00 327.00 324.00 306.00 284.00 283.00 279.00 273.00 2.00 1.00 0.00 0.00 6.00 0.00
0.00 0.00 0.00 0.00 0.00 0.00 0.00 0.00 0.00 2.00 3.00 3915.00 0.00 0.00 629.00 1.00 6.00 0.00 0.00 0.00 1.00 3.00 0.00 2.00 4.00 3.00 163.00 1.00 25.00 0.00 18.00 1.00 0.00 0.00 1.00 3947.00 0.00 0.00 10.00 3.00 2.00 1.00 1.00 0.00 0.00 1.00 2.00 6.00 1.00 1.00 0.00 0.00 4.00 0.00 0.00 0.00 0.00 19.00 1.00 2.00 13962.00 0.00 0.00 2.00 1.00 0.00 0.00 1.00 1.00 1.00 6.00 20.00 0.00 2.00 0.00 269.00 0.00 0.00 14.00 5.00 4.00
0.00 0.00 0.00 0.00 0.00 0.00 0.00 0.00 3904.00 3906.00 3913.00 0.00 0.00 0.00 628.00 1.00 0.00 5.00 0.00 0.00 2.00 0.00 1.00 3.00 2.00 0.00 161.00 0.00 0.00 22.00 15.00 1.00 0.00 0.00 0.00 9.00 3935.00 3933.00 6.00 1.00 0.00 0.00 4.00 0.00 0.00 0.00 2.00 2.00 0.00 0.00 0.00 3.00 0.00 6.00 12.00 16.00 18.00 0.00 0.00 1.00 13957.00 0.00 5.00 0.00 1.00 0.00 0.00 0.00 0.00 0.00 3.00 1.00 18.00 3.00 0.00 267.00 0.00 247.00 1.00 0.00 0.00
1.00 4.00 1.00 1.00 1.00 1.00 0.00 3899.00 0.00 0.00 5.00 3.00 6.00 620.00 2.00 0.00 0.00 3.00 0.00 0.00 0.00 0.00 2.00 1.00 1.00 6.00 152.00 0.00 0.00 20.00 4.00 9.00 0.00 0.00 1.00 5.00 0.00 3913.00 1.00 0.00 0.00 6.00 3.00 2.00 0.00 0.00 0.00 0.00 0.00 0.00 1.00 0.00 1.00 2.00 0.00 0.00 0.00 0.00 0.00 13938.00 0.00 13.00 6.00 3.00 0.00 0.00 1.00 0.00 0.00 0.00 1.00 0.00 12.00 0.00 2.00 0.00 264.00 0.00 228.00 223.00 0.00
0.00 3791.00 3799.00 3803.00 3824.00 3830.00 3834.00 60.00 0.00 4.00 2.00 1.00 0.00 611.00 0.00 1.00 0.00 0.00 0.00 0.00 0.00 0.00 0.00 0.00 2.00 0.00 1.00 149.00 0.00 18.00 3.00 7.00 0.00 0.00 3.00 0.00 0.00 3907.00 1.00 0.00 15.00 6.00 1.00 0.00 0.00 2.00 0.00 0.00 0.00 0.00 0.00 0.00 1.00 2.00 0.00 0.00 0.00 0.00 2.00 98.00 13837.00 1.00 0.00 1.00 0.00 7.00 3.00 1.00 0.00 0.00 0.00 0.00 11.00 4.00 0.00 1.00 13.00 0.00 1.00 1.00 220.00
3789.00 1.00 0.00 14.00 0.00 4.00 0.00 59.00 1.00 1.00 1.00 0.00 604.00 0.00 2.00 1.00 0.00 0.00 0.00 1.00 0.00 1.00 0.00 0.00 0.00 0.00 148.00 0.00 14.00 2.00 2.00 5.00 0.00 0.00 0.00 0.00 1.00 3708.00 195.00 194.00 3.00 2.00 1.00 0.00 4.00 0.00 0.00 0.00 3.00 0.00 3.00 0.00 20.00 25.00 0.00 3.00 48.00 90.00 93.00 0.00 13834.00 43.00 42.00 37.00 36.00 35.00 2.00 1.00 0.00 3.00 0.00 1.00 3.00 1.00 2.00 0.00 12.00 4.00 0.00 0.00 16.00
0.00 9.00 13.00 1.00 3.00 53.00 55.00 2.00 0.00 0.00 0.00 0.00 580.00 22.00 17.00 15.00 1.00 0.00 0.00 1.00 70.00 71.00 82.00 83.00 91.00 92.00 54.00 5.00 6.00 1.00 1.00 1.00 1.00 0.00 0.00 1.00 3694.00 0.00 11.00 171.00 1.00 0.00 0.00 5.00 1.00 1.00 0.00 0.00 0.00 7.00 9.00 18.00 0.00 3.00 31.00 43.00 39.00 0.00 0.00 1.00 12.00 13776.00 0.00 3.00 0.00 1.00 21.00 19.00 17.00 6.00 5.00 1.00 0.00 2.00 0.00 1.00 6.00 0.00 3.00 0.00 14.00
7.00 0.00 2.00 0.00 0.00 52.00 0.00 0.00 0.00 0.00 0.00 0.00 577.00 1.00 1.00 0.00 12.00 1.00 2.00 64.00 0.00 3.00 2.00 0.00 5.00 52.00 0.00 4.00 5.00 0.00 0.00 0.00 0.00 0.00 2.00 3676.00 1.00 12.00 10.00 0.00 169.00 162.00 13.00 5.00 2.00 0.00 2.00 0.00 0.00 0.00 0.00 3.00 2.00 0.00 2.00 7.00 0.00 37.00 0.00 4.00 9.00 0.00 13773.00 0.00 0.00 0.00 0.00 0.00 0.00 3.00 0.00 0.00 0.00 0.00 0.00 0.00 3.00 0.00 2.00 9.00 3.00
0.00 0.00 0.00 0.00 51.00 0.00 1.00 2.00 0.00 0.00 1.00 573.00 1.00 0.00 0.00 0.00 9.00 0.00 0.00 60.00 0.00 0.00 1.00 4.00 7.00 42.00 0.00 2.00 0.00 4.00 0.00 0.00 0.00 1.00 3669.00 2.00 0.00 11.00 8.00 0.00 3.00 1.00 147.00 0.00 0.00 8.00 3.00 1.00 0.00 0.00 2.00 1.00 0.00 1.00 5.00 0.00 35.00 0.00 2.00 0.00 2.00 0.00 4.00 13767.00 0.00 0.00 0.00 0.00 0.00 0.00 0.00 13.00 12.00 11.00 5.00 0.00 0.00 1.00 1.00 8.00 0.00
0.00 0.00 0.00 49.00 0.00 0.00 0.00 0.00 4.00 399.00 567.00 1.00 0.00 0.00 2.00 0.00 1.00 5.00 0.00 58.00 0.00 0.00 3.00 1.00 4.00 29.00 11.00 0.00 0.00 0.00 1.00 0.00 2.00 3664.00 1.00 1.00 3.00 6.00 6.00 0.00 2.00 0.00 144.00 0.00 14.00 3.00 2.00 1.00 0.00 0.00 0.00 0.00 0.00 3.00 0.00 0.00 32.00 0.00 1.00 0.00 0.00 1.00 3.00 13717.00 47.00 3.00 1.00 1.00 1.00 0.00 17.00 2.00 0.00 3.00 0.00 3.00 0.00 0.00 0.00 1.00 5.00
0.00 2.00 47.00 0.00 1.00 1.00 1.00 380.00 387.00 3.00 2.00 163.00 5.00 4.00 0.00 0.00 0.00 1.00 1.00 57.00 48.00 0.00 1.00 0.00 3.00 26.00 1.00 10.00 0.00 0.00 0.00 1.00 4.00 3655.00 0.00 0.00 2.00 5.00 4.00 0.00 1.00 8.00 0.00 133.00 81.00 1.00 0.00 0.00 0.00 3.00 1.00 0.00 0.00 0.00 0.00 13.00 10.00 6.00 0.00 0.00 0.00 0.00 0.00 13716.00 2.00 39.00 30.00 29.00 0.00 21.00 1.00 0.00 0.00 0.00 1.00 0.00 0.00 0.00 0.00 0.00 0.00
1.00 41.00 0.00 3.00 5.00 8.00 376.00 1.00 3.00 2.00 1.00 1.00 154.00 3.00 2.00 1.00 0.00 0.00 0.00 6.00 0.00 47.00 0.00 1.00 0.00 21.00 3.00 0.00 8.00 0.00 0.00 0.00 0.00 3654.00 0.00 0.00 0.00 4.00 0.00 2.00 0.00 7.00 1.00 27.00 5.00 78.00 1.00 0.00 6.00 0.00 1.00 0.00 0.00 1.00 5.00 5.00 9.00 0.00 3.00 0.00 0.00 0.00 0.00 13714.00 1.00 2.00 4.00 0.00 23.00 0.00 0.00 0.00 0.00 0.00 0.00 0.00 2.00 1.00 3.00 1.00 0.00
9.00 28.00 2.00 0.00 7.00 16.00 347.00 0.00 2.00 1.00 0.00 0.00 146.00 2.00 1.00 0.00 0.00 2.00 0.00 4.00 0.00 46.00 0.00 0.00 2.00 17.00 0.00 1.00 5.00 1.00 0.00 0.00 1.00 3650.00 1.00 0.00 0.00 1.00 0.00 1.00 4.00 1.00 0.00 25.00 0.00 4.00 75.00 62.00 4.00 3.00 0.00 0.00 0.00 0.00 1.00 4.00 7.00 0.00 2.00 0.00 2.00 4.00 15.00 13696.00 0.00 1.00 1.00 0.00 0.00 0.00 4.00 1.00 0.00 2.00 0.00 3.00 0.00 8.00 7.00 0.00 0.00
26.00 0.00 1.00 6.00 1.00 5.00 16.00 329.00 1.00 0.00 0.00 1.00 64.00 80.00 74.00 0.00 5.00 0.00 0.00 2.00 0.00 44.00 0.00 0.00 0.00 16.00 12.00 0.00 2.00 0.00 0.00 0.00 2.00 6.00 3637.00 0.00 0.00 0.00 0.00 0.00 2.00 0.00 2.00 18.00 2.00 3.00 11.00 1.00 46.00 0.00 0.00 2.00 0.00 0.00 0.00 2.00 6.00 0.00 1.00 1.00 2.00 7.00 0.00 13695.00 0.00 0.00 0.00 0.00 2.00 1.00 180.00 0.00 11.00 6.00 4.00 0.00 11.00 0.00 0.00 0.00 1.00
1.00 0.00 5.00 0.00 3.00 0.00 12.00 2.00 328.00 0.00 0.00 5.00 55.00 0.00 3.00 72.00 11.00 1.00 0.00 0.00 0.00 0.00 41.00 0.00 0.00 0.00 0.00 11.00 0.00 0.00 1.00 0.00 0.00 4.00 0.00 3635.00 0.00 0.00 0.00 0.00 0.00 1.00 1.00 17.00 1.00 2.00 10.00 0.00 7.00 36.00 7.00 2.00 0.00 0.00 0.00 0.00 4.00 0.00 0.00 0.00 2.00 0.00 0.00 13693.00 0.00 0.00 0.00 0.00 188.00 184.00 0.00 173.00 2.00 1.00 0.00 15.00 1.00 0.00 0.00 0.00 2.00
0.00 0.00 3.00 1.00 0.00 3.00 4.00 2.00 1.00 327.00 2.00 0.00 52.00 1.00 2.00 4.00 48.00 8.00 0.00 2.00 0.00 0.00 39.00 20.00 6.00 5.00 1.00 0.00 10.00 7.00 1.00 0.00 0.00 1.00 0.00 3632.00 10.00 9.00 0.00 0.00 0.00 0.00 1.00 12.00 0.00 1.00 9.00 0.00 4.00 0.00 27.00 3.00 2.00 0.00 1.00 0.00 2.00 1.00 0.00 0.00 0.00 0.00 1.00 0.00 13687.00 3.00 1.00 203.00 12.00 7.00 6.00 14.00 142.00 20.00 19.00 2.00 1.00 0.00 1.00 1.00 19.00
0.00 0.00 1.00 0.00 2.00 1.00 1.00 1.00 0.00 326.00 1.00 0.00 50.00 0.00 1.00 3.00 46.00 0.00 6.00 0.00 0.00 6.00 1.00 7.00 12.00 6.00 2.00 0.00 1.00 1.00 0.00 0.00 0.00 0.00 1.00 3620.00 0.00 0.00 5.00 1.00 0.00 0.00 0.00 10.00 0.00 4.00 3.00 1.00 1.00 1.00 22.00 1.00 0.00 2.00 1.00 0.00 0.00 0.00 0.00 0.00 0.00 0.00 0.00 2.00 13467.00 214.00 212.00 6.00 3.00 3.00 1.00 5.00 13.00 120.00 112.00 111.00 0.00 0.00 2.00 22.00 0.00
0.00 0.00 0.00 0.00 0.00 0.00 0.00 0.00 307.00 17.00 0.00 2.00 45.00 0.00 0.00 2.00 0.00 44.00 0.00 0.00 2.00 2.00 0.00 6.00 4.00 1.00 3.00 0.00 0.00 0.00 0.00 3.00 5.00 6.00 3612.00 0.00 2.00 0.00 0.00 0.00 1.00 3.00 8.00 0.00 0.00 2.00 2.00 0.00 0.00 0.00 15.00 1.00 0.00 5.00 0.00 0.00 1.00 1.00 1.00 1.00 1.00 1.00 0.00 0.00 13463.00 0.00 0.00 1.00 2.00 0.00 0.00 4.00 9.00 2.00 6.00 0.00 109.00 107.00 29.00 25.00 0.00
