Data/ASC_file/zhimenda_FreedomWaterCapacity.asc
ncols           679
          nrows           333
          xllcorner      90.54720
          yllcorner      32.43537
          cellsize        0.01000
        NODATA_value  -9999.00000
[rows 238 to 271 of 333, columns 304 to 379 of 679]
25.65 18.56 20.29 22.18 24.12 25.75 23.93 16.50 21.71 24.30 23.71 24.99 23.31 12.97 26.16 26.37 23.85 10.77 20.98 22.75 21.91 18.77 21.25 22.26 24.16 24.03 23.64 24.99 25.11 20.79 25.25 25.54 23.27 23.04 22.87 21.92 22.09 24.48 23.70 23.61 22.35 21.18 21.84 17.21 19.39 24.47 26.02 26.29 24.62 21.40 24.92 21.61 22.90 21.12 21.78 23.02 20.54 18.74 22.49 24.56 24.08 22.54 24.62 21.46 16.74 21.25 -9999.00 -9999.00 -9999.00 -9999.00 -9999.00 -9999.00 -9999.00 -9999.00 -9999.00 -9999.00
26.20 19.33 21.30 25.52 24.00 26.88 21.24 22.95 25.50 24.53 26.06 24.99 23.98 18.80 7.89 8.90 9.00 19.04 23.07 24.59 22.10 22.26 22.15 23.38 23.13 23.47 24.80 26.20 24.56 12.69 25.99 23.67 20.31 25.48 23.67 24.18 23.85 24.93 25.90 25.27 22.42 24.67 21.20 23.67 18.12 23.41 19.40 24.44 23.72 24.54 24.32 25.66 23.08 22.99 22.72 22.36 21.55 22.28 22.59 24.47 22.63 24.69 21.93 16.21 22.34 21.93 21.27 -9999.00 -9999.00 -9999.00 -9999.00 -9999.00 -9999.00 -9999.00 -9999.00 -9999.00
24.94 20.01 21.55 24.69 23.31 27.01 22.66 24.63 25.57 21.69 24.52 22.14 19.21 19.46 21.16 18.30 23.71 8.43 15.83 13.76 22.81 22.78 23.76 21.81 23.48 21.64 23.04 25.26 22.89 13.10 23.63 22.99 23.34 26.77 25.24 25.46 25.55 26.65 26.65 22.17 25.50 23.32 21.41 23.35 18.69 17.20 18.29 22.92 24.80 26.51 25.79 24.70 24.41 25.39 23.31 22.86 23.27 25.52 22.43 22.91 13.54 20.39 19.37 18.99 23.44 23.26 22.96 -9999.00 -9999.00 -9999.00 -9999.00 -9999.00 -9999.00 -9999.00 -9999.00 -9999.00
22.26 19.61 19.34 18.89 21.99 25.72 22.01 25.74 25.28 22.82 21.43 18.61 25.16 25.21 23.91 18.25 24.65 21.00 20.70 8.42 22.44 22.29 23.12 23.37 21.99 21.37 23.78 25.56 25.44 13.92 23.58 26.31 26.28 25.57 -9999.00 -9999.00 -9999.00 24.56 22.63 25.66 22.72 22.93 22.53 25.57 20.60 21.58 22.91 23.98 26.35 24.45 -9999.00 -9999.00 -9999.00 -9999.00 24.55 25.03 24.29 26.38 23.90 22.45 24.53 23.68 21.94 21.22 24.47 23.45 -9999.00 -9999.00 -9999.00 -9999.00 -9999.00 -9999.00 -9999.00 -9999.00 -9999.00 -9999.00
20.85 15.78 18.86 13.61 22.13 22.63 25.48 23.17 24.98 23.57 22.56 16.37 15.96 25.49 23.95 11.43 24.44 24.89 20.90 9.36 19.23 21.96 23.78 18.30 19.45 19.02 23.81 19.28 23.38 22.69 24.73 24.63 23.97 23.43 -9999.00 -9999.00 -9999.00 -9999.00 25.70 24.71 24.48 24.03 24.92 11.56 14.52 13.54 20.38 24.67 21.63 24.92 -9999.00 -9999.00 -9999.00 -9999.00 -9999.00 -9999.00 -9999.00 -9999.00 -9999.00 -9999.00 -9999.00 -9999.00 22.87 22.74 25.19 25.22 -9999.00 -9999.00 -9999.00 -9999.00 -9999.00 -9999.00 -9999.00 -9999.00 -9999.00 -9999.00
16.17 21.82 10.89 18.82 19.47 24.27 20.90 25.99 22.54 24.21 24.09 24.34 22.61 23.94 24.51 17.60 23.29 20.79 21.47 15.20 16.77 22.36 16.44 17.86 18.88 20.29 23.15 17.92 19.92 19.52 20.24 12.50 12.86 20.13 -9999.00 -9999.00 -9999.00 -9999.00 -9999.00 -9999.00 23.24 20.58 18.81 22.81 21.57 24.17 23.57 19.68 20.14 23.24 -9999.00 -9999.00 -9999.00 -9999.00 -9999.00 -9999.00 -9999.00 -9999.00 -9999.00 -9999.00 -9999.00 -9999.00 -9999.00 23.14 26.35 -9999.00 -9999.00 -9999.00 -9999.00 -9999.00 -9999.00 -9999.00 -9999.00 -9999.00 -9999.00 -9999.00
20.38 18.61 15.05 16.90 18.44 20.10 24.78 23.59 21.17 25.15 22.23 24.64 24.43 23.02 19.69 21.67 20.42 24.84 24.34 16.74 17.92 13.23 18.63 18.96 20.04 20.08 19.89 20.29 18.97 22.98 25.89 24.84 23.71 21.90 -9999.00 -9999.00 -9999.00 -9999.00 -9999.00 -9999.00 -9999.00 18.86 20.22 24.39 21.20 23.51 23.67 -9999.00 -9999.00 -9999.00 -9999.00 -9999.00 -9999.00 -9999.00 -9999.00 -9999.00 -9999.00 -9999.00 -9999.00 -9999.00 -9999.00 -9999.00 -9999.00 -9999.00 -9999.00 -9999.00 -9999.00 -9999.00 -9999.00 -9999.00 -9999.00 -9999.00 -9999.00 -9999.00 -9999.00 -9999.00
20.24 20.21 19.43 9.02 18.52 20.97 26.01 17.22 20.74 21.00 24.12 24.96 25.87 26.64 20.84 20.83 21.31 25.49 23.67 20.91 22.25 10.60 18.76 19.86 22.32 22.19 17.08 19.82 20.44 24.64 21.43 25.16 24.44 22.44 -9999.00 -9999.00 -9999.00 -9999.00 -9999.00 -9999.00 -9999.00 24.29 25.12 -9999.00 -9999.00 -9999.00 -9999.00 -9999.00 -9999.00 -9999.00 -9999.00 -9999.00 -9999.00 -9999.00 -9999.00 -9999.00 -9999.00 -9999.00 -9999.00 -9999.00 -9999.00 -9999.00 -9999.00 -9999.00 -9999.00 -9999.00 -9999.00 -9999.00 -9999.00 -9999.00 -9999.00 -9999.00 -9999.00 -9999.00 -9999.00 -9999.00
15.42 17.55 8.55 20.40 18.05 23.07 24.11 12.58 24.85 21.77 23.65 22.76 23.92 22.04 24.26 19.10 24.22 26.33 24.62 25.97 22.38 14.95 17.87 19.41 18.71 11.59 22.84 20.52 22.66 18.65 23.38 25.49 24.89 -9999.00 -9999.00 -9999.00 -9999.00 -9999.00 -9999.00 -9999.00 -9999.00 -9999.00 -9999.00 -9999.00 -9999.00 -9999.00 -9999.00 -9999.00 -9999.00 -9999.00 -9999.00 -9999.00 -9999.00 -9999.00 -9999.00 -9999.00 -9999.00 -9999.00 -9999.00 -9999.00 -9999.00 -9999.00 -9999.00 -9999.00 -9999.00 -9999.00 -9999.00 -9999.00 -9999.00 -9999.00 -9999.00 -9999.00 -9999.00 -9999.00 -9999.00 -9999.00
19.63 16.61 16.87 10.17 20.89 23.25 22.01 18.71 21.47 25.35 22.99 25.46 23.19 25.32 22.12 15.55 18.72 13.41 21.86 24.75 23.78 19.37 19.62 17.16 22.50 23.33 26.17 25.61 22.10 -9999.00 -9999.00 -9999.00 -9999.00 -9999.00 -9999.00 -9999.00 -9999.00 -9999.00 -9999.00 -9999.00 -9999.00 -9999.00 -9999.00 -9999.00 -9999.00 -9999.00 -9999.00 -9999.00 -9999.00 -9999.00 -9999.00 -9999.00 -9999.00 -9999.00 -9999.00 -9999.00 -9999.00 -9999.00 -9999.00 -9999.00 -9999.00 -9999.00 -9999.00 -9999.00 -9999.00 -9999.00 -9999.00 -9999.00 -9999.00 -9999.00 -9999.00 -9999.00 -9999.00 -9999.00 -9999.00 -9999.00
17.10 22.46 10.95 10.96 11.27 22.56 17.47 22.61 19.03 19.38 19.59 12.58 21.98 23.74 24.16 24.96 22.81 22.97 22.11 22.31 20.72 19.62 19.91 18.81 22.85 23.71 26.40 25.39 24.26 -9999.00 -9999.00 -9999.00 -9999.00 -9999.00 -9999.00 -9999.00 -9999.00 -9999.00 -9999.00 -9999.00 -9999.00 -9999.00 -9999.00 -9999.00 -9999.00 -9999.00 -9999.00 -9999.00 -9999.00 -9999.00 -9999.00 -9999.00 -9999.00 -9999.00 -9999.00 -9999.00 -9999.00 -9999.00 -9999.00 -9999.00 -9999.00 -9999.00 -9999.00 -9999.00 -9999.00 -9999.00 -9999.00 -9999.00 -9999.00 -9999.00 -9999.00 -9999.00 -9999.00 -9999.00 -9999.00 -9999.00
22.80 21.40 10.88 11.01 10.81 17.39 20.04 20.50 23.54 25.99 24.50 22.09 23.87 23.11 22.38 25.75 20.21 18.94 25.36 24.32 21.33 23.10 20.67 17.89 22.56 23.49 24.37 26.21 -9999.00 -9999.00 -9999.00 -9999.00 -9999.00 -9999.00 -9999.00 -9999.00 -9999.00 -9999.00 -9999.00 -9999.00 -9999.00 -9999.00 -9999.00 -9999.00 -9999.00 -9999.00 -9999.00 -9999.00 -9999.00 -9999.00 -9999.00 -9999.00 -9999.00 -9999.00 -9999.00 -9999.00 -9999.00 -9999.00 -9999.00 -9999.00 -9999.00 -9999.00 -9999.00 -9999.00 -9999.00 -9999.00 -9999.00 -9999.00 -9999.00 -9999.00 -9999.00 -9999.00 -9999.00 -9999.00 -9999.00 -9999.00
22.95 21.05 11.24 10.92 11.02 17.55 19.54 23.95 25.07 21.82 25.44 23.64 25.08 24.61 20.42 25.51 20.20 23.88 25.09 24.07 25.78 18.93 23.86 23.31 18.46 23.44 24.20 25.79 -9999.00 -9999.00 -9999.00 -9999.00 -9999.00 -9999.00 -9999.00 -9999.00 -9999.00 -9999.00 -9999.00 -9999.00 -9999.00 -9999.00 -9999.00 -9999.00 -9999.00 -9999.00 -9999.00 -9999.00 -9999.00 -9999.00 -9999.00 -9999.00 -9999.00 -9999.00 -9999.00 -9999.00 -9999.00 -9999.00 -9999.00 -9999.00 -9999.00 -9999.00 -9999.00 -9999.00 -9999.00 -9999.00 -9999.00 -9999.00 -9999.00 -9999.00 -9999.00 -9999.00 -9999.00 -9999.00 -9999.00 -9999.00
23.59 12.38 11.46 11.01 11.29 12.23 18.63 24.49 16.90 23.10 23.00 23.12 23.95 26.10 24.98 24.78 23.54 24.81 22.28 23.83 20.78 22.47 25.15 24.55 18.75 17.26 24.31 25.50 -9999.00 -9999.00 -9999.00 -9999.00 -9999.00 -9999.00 -9999.00 -9999.00 -9999.00 -9999.00 -9999.00 -9999.00 -9999.00 -9999.00 -9999.00 -9999.00 -9999.00 -9999.00 -9999.00 -9999.00 -9999.00 -9999.00 -9999.00 -9999.00 -9999.00 -9999.00 -9999.00 -9999.00 -9999.00 -9999.00 -9999.00 -9999.00 -9999.00 -9999.00 -9999.00 -9999.00 -9999.00 -9999.00 -9999.00 -9999.00 -9999.00 -9999.00 -9999.00 -9999.00 -9999.00 -9999.00 -9999.00 -9999.00
23.19 11.86 11.46 11.15 11.35 12.10 13.41 23.49 18.62 25.56 26.40 25.11 23.20 20.99 24.25 25.54 13.70 19.47 22.47 22.44 20.83 25.96 26.13 23.96 25.54 14.26 24.36 25.39 21.28 -9999.00 -9999.00 -9999.00 -9999.00 -9999.00 -9999.00 -9999.00 -9999.00 -9999.00 -9999.00 -9999.00 -9999.00 -9999.00 -9999.00 -9999.00 -9999.00 -9999.00 -9999.00 -9999.00 -9999.00 -9999.00 -9999.00 -9999.00 -9999.00 -9999.00 -9999.00 -9999.00 -9999.00 -9999.00 -9999.00 -9999.00 -9999.00 -9999.00 -9999.00 -9999.00 -9999.00 -9999.00 -9999.00 -9999.00 -9999.00 -9999.00 -9999.00 -9999.00 -9999.00 -9999.00 -9999.00 -9999.00
22.12 10.01 11.05 11.25 11.42 12.01 12.46 10.37 21.21 22.19 19.96 19.45 12.66 22.93 24.86 25.80 22.13 24.20 17.92 22.11 24.54 24.02 23.82 24.37 21.80 22.70 24.88 22.86 22.57 -9999.00 -9999.00 -9999.00 -9999.00 -9999.00 -9999.00 -9999.00 -9999.00 -9999.00 -9999.00 -9999.00 -9999.00 -9999.00 -9999.00 -9999.00 -9999.00 -9999.00 -9999.00 -9999.00 -9999.00 -9999.00 -9999.00 -9999.00 -9999.00 -9999.00 -9999.00 -9999.00 -9999.00 -9999.00 -9999.00 -9999.00 -9999.00 -9999.00 -9999.00 -9999.00 -9999.00 -9999.00 -9999.00 -9999.00 -9999.00 -9999.00 -9999.00 -9999.00 -9999.00 -9999.00 -9999.00 -9999.00
18.37 16.77 10.32 11.21 11.47 11.39 9.19 18.56 22.18 21.29 26.10 24.69 22.63 24.18 25.40 26.02 25.05 24.73 23.25 18.05 23.00 21.90 22.62 21.32 23.32 24.23 23.12 21.93 24.85 25.00 -9999.00 -9999.00 -9999.00 -9999.00 -9999.00 -9999.00 -9999.00 -9999.00 -9999.00 -9999.00 -9999.00 -9999.00 -9999.00 -9999.00 -9999.00 -9999.00 -9999.00 -9999.00 -9999.00 -9999.00 -9999.00 -9999.00 -9999.00 -9999.00 -9999.00 -9999.00 -9999.00 -9999.00 -9999.00 -9999.00 -9999.00 -9999.00 -9999.00 -9999.00 -9999.00 -9999.00 -9999.00 -9999.00 -9999.00 -9999.00 -9999.00 -9999.00 -9999.00 -9999.00 -9999.00 -9999.00
23.05 12.71 8.99 10.60 11.36 9.94 17.71 17.40 23.92 24.79 21.89 24.54 26.30 24.96 25.84 25.91 24.31 26.27 23.69 12.23 17.75 16.95 21.74 20.40 22.18 19.95 20.92 20.42 23.01 24.10 -9999.00 -9999.00 -9999.00 -9999.00 -9999.00 -9999.00 -9999.00 -9999.00 -9999.00 -9999.00 -9999.00 -9999.00 -9999.00 -9999.00 -9999.00 -9999.00 -9999.00 -9999.00 -9999.00 -9999.00 -9999.00 -9999.00 -9999.00 -9999.00 -9999.00 -9999.00 -9999.00 -9999.00 -9999.00 -9999.00 -9999.00 -9999.00 -9999.00 -9999.00 -9999.00 -9999.00 -9999.00 -9999.00 -9999.00 -9999.00 -9999.00 -9999.00 -9999.00 -9999.00 -9999.00 -9999.00
19.88 18.40 12.72 8.23 9.77 8.74 19.72 19.40 19.24 11.18 20.51 22.36 22.25 22.73 25.52 20.31 24.22 25.78 24.29 19.71 22.75 23.11 11.29 17.06 15.91 16.88 21.81 21.41 23.27 25.50 -9999.00 -9999.00 -9999.00 -9999.00 -9999.00 -9999.00 -9999.00 -9999.00 -9999.00 -9999.00 -9999.00 -9999.00 -9999.00 -9999.00 -9999.00 -9999.00 -9999.00 -9999.00 -9999.00 -9999.00 -9999.00 -9999.00 -9999.00 -9999.00 -9999.00 -9999.00 -9999.00 -9999.00 -9999.00 -9999.00 -9999.00 -9999.00 -9999.00 -9999.00 -9999.00 -9999.00 -9999.00 -9999.00 -9999.00 -9999.00 -9999.00 -9999.00 -9999.00 -9999.00 -9999.00 -9999.00
25.17 23.81 25.10 25.74 8.07 17.59 24.60 24.28 22.28 16.28 21.57 23.37 23.43 22.47 25.63 24.49 19.08 20.06 23.22 23.52 20.85 18.92 12.52 22.12 22.61 23.80 16.71 19.56 21.07 21.40 24.35 25.21 -9999.00 -9999.00 -9999.00 -9999.00 -9999.00 -9999.00 -9999.00 -9999.00 -9999.00 -9999.00 -9999.00 -9999.00 -9999.00 -9999.00 -9999.00 -9999.00 -9999.00 -9999.00 -9999.00 -9999.00 -9999.00 -9999.00 -9999.00 -9999.00 -9999.00 -9999.00 -9999.00 -9999.00 -9999.00 -9999.00 -9999.00 -9999.00 -9999.00 -9999.00 -9999.00 -9999.00 -9999.00 -9999.00 -9999.00 -9999.00 -9999.00 -9999.00 -9999.00 -9999.00
21.31 25.07 24.62 25.08 8.06 24.07 20.97 23.91 24.64 19.33 19.85 25.67 25.15 11.51 18.51 23.97 19.53 22.64 19.53 22.64 24.24 23.47 24.11 23.86 22.77 25.99 17.04 18.19 17.94 21.12 23.38 25.13 23.77 25.12 23.57 -9999.00 -9999.00 -9999.00 -9999.00 -9999.00 -9999.00 -9999.00 -9999.00 -9999.00 -9999.00 -9999.00 -9999.00 -9999.00 -9999.00 -9999.00 -9999.00 -9999.00 -9999.00 -9999.00 -9999.00 -9999.00 -9999.00 -9999.00 -9999.00 -9999.00 -9999.00 -9999.00 -9999.00 -9999.00 -9999.00 -9999.00 -9999.00 -9999.00 -9999.00 -9999.00 -9999.00 -9999.00 -9999.00 -9999.00 -9999.00 -9999.00
21.84 23.25 26.45 20.75 8.55 20.34 22.70 24.51 24.70 24.94 22.41 17.17 11.67 24.22 23.77 20.30 24.34 25.03 20.33 19.55 24.20 23.56 23.91 23.24 24.88 25.87 19.00 18.53 16.39 18.19 22.85 24.90 23.94 23.48 19.22 24.42 -9999.00 -9999.00 -9999.00 -9999.00 -9999.00 -9999.00 -9999.00 -9999.00 -9999.00 -9999.00 -9999.00 -9999.00 -9999.00 -9999.00 -9999.00 -9999.00 -9999.00 -9999.00 -9999.00 -9999.00 -9999.00 -9999.00 -9999.00 -9999.00 -9999.00 -9999.00 -9999.00 -9999.00 -9999.00 -9999.00 -9999.00 -9999.00 -9999.00 -9999.00 -9999.00 -9999.00 -9999.00 -9999.00 -9999.00 -9999.00
18.71 25.15 25.23 10.28 9.41 19.05 22.87 26.16 21.98 25.53 24.68 26.42 17.93 24.77 25.82 24.11 21.43 24.14 23.81 19.11 19.05 18.08 11.12 19.23 24.93 24.88 24.11 19.33 17.21 15.95 22.95 21.51 25.10 23.48 11.89 21.99 22.27 -9999.00 -9999.00 -9999.00 -9999.00 -9999.00 -9999.00 -9999.00 -9999.00 -9999.00 -9999.00 -9999.00 -9999.00 -9999.00 -9999.00 -9999.00 -9999.00 -9999.00 -9999.00 -9999.00 -9999.00 -9999.00 -9999.00 -9999.00 -9999.00 -9999.00 -9999.00 -9999.00 -9999.00 -9999.00 -9999.00 -9999.00 -9999.00 -9999.00 -9999.00 -9999.00 -9999.00 -9999.00 -9999.00 -9999.00
16.68 11.58 11.98 10.28 10.00 10.72 23.61 24.58 25.97 24.52 26.62 25.72 19.59 22.76 24.71 24.94 21.83 21.00 23.73 20.16 21.34 19.93 23.02 18.49 19.68 23.70 22.87 18.50 15.72 17.80 18.92 19.66 23.83 18.85 18.17 24.26 22.00 -9999.00 -9999.00 -9999.00 -9999.00 -9999.00 -9999.00 -9999.00 -9999.00 -9999.00 -9999.00 -9999.00 -9999.00 -9999.00 -9999.00 -9999.00 -9999.00 -9999.00 -9999.00 -9999.00 -9999.00 -9999.00 -9999.00 -9999.00 -9999.00 -9999.00 -9999.00 -9999.00 -9999.00 -9999.00 -9999.00 -9999.00 -9999.00 -9999.00 -9999.00 -9999.00 -9999.00 -9999.00 -9999.00 -9999.00
21.92 9.75 10.84 10.42 9.83 8.98 24.59 23.64 19.71 23.03 25.14 26.90 22.48 17.56 22.89 25.65 22.47 16.44 17.21 22.50 18.98 21.16 24.29 22.61 15.43 21.03 19.29 16.89 18.49 18.64 19.20 16.65 17.70 17.47 21.59 17.86 23.86 -9999.00 -9999.00 -9999.00 -9999.00 -9999.00 -9999.00 -9999.00 -9999.00 -9999.00 -9999.00 -9999.00 -9999.00 -9999.00 -9999.00 -9999.00 -9999.00 -9999.00 -9999.00 -9999.00 -9999.00 -9999.00 -9999.00 -9999.00 -9999.00 -9999.00 -9999.00 -9999.00 -9999.00 -9999.00 -9999.00 -9999.00 -9999.00 -9999.00 -9999.00 -9999.00 -9999.00 -9999.00 -9999.00 -9999.00
25.51 23.90 8.62 9.95 9.28 20.56 22.86 18.58 22.31 19.18 22.36 25.90 25.39 24.35 24.94 26.06 23.73 20.55 23.75 19.25 18.26 20.82 22.16 24.59 25.07 19.34 18.49 16.02 17.00 19.58 15.91 20.39 18.48 22.96 23.47 20.22 22.18 -9999.00 -9999.00 -9999.00 -9999.00 -9999.00 -9999.00 -9999.00 -9999.00 -9999.00 -9999.00 -9999.00 -9999.00 -9999.00 -9999.00 -9999.00 -9999.00 -9999.00 -9999.00 -9999.00 -9999.00 -9999.00 -9999.00 -9999.00 -9999.00 -9999.00 -9999.00 -9999.00 -9999.00 -9999.00 -9999.00 -9999.00 -9999.00 -9999.00 -9999.00 -9999.00 -9999.00 -9999.00 -9999.00 -9999.00
26.35 25.07 26.15 8.44 8.03 22.37 17.03 21.63 24.11 25.85 18.76 23.34 21.00 24.88 24.89 26.58 19.62 22.53 20.79 22.23 16.12 17.33 14.80 20.69 23.56 24.77 15.51 17.89 15.95 18.83 14.46 19.86 23.30 20.34 23.77 23.43 21.70 -9999.00 -9999.00 -9999.00 -9999.00 -9999.00 -9999.00 -9999.00 -9999.00 -9999.00 -9999.00 -9999.00 -9999.00 -9999.00 -9999.00 -9999.00 -9999.00 -9999.00 -9999.00 -9999.00 -9999.00 -9999.00 -9999.00 -9999.00 -9999.00 -9999.00 -9999.00 -9999.00 -9999.00 -9999.00 -9999.00 -9999.00 -9999.00 -9999.00 -9999.00 -9999.00 -9999.00 -9999.00 -9999.00 -9999.00
24.98 24.75 25.57 6.88 12.85 12.56 24.48 23.55 22.20 24.81 22.57 23.06 19.91 24.74 24.89 26.85 24.96 23.48 22.99 21.31 19.87 15.60 20.71 17.63 16.77 23.26 18.77 17.17 17.15 15.29 19.72 23.27 20.02 21.83 25.65 25.73 22.24 -9999.00 -9999.00 -9999.00 -9999.00 -9999.00 -9999.00 -9999.00 -9999.00 -9999.00 -9999.00 -9999.00 -9999.00 -9999.00 -9999.00 -9999.00 -9999.00 -9999.00 -9999.00 -9999.00 -9999.00 -9999.00 -9999.00 -9999.00 -9999.00 -9999.00 -9999.00 -9999.00 -9999.00 -9999.00 -9999.00 -9999.00 -9999.00 -9999.00 -9999.00 -9999.00 -9999.00 -9999.00 -9999.00 -9999.00
12.42 12.26 7.71 12.28 13.14 21.52 26.75 26.15 24.55 24.91 24.04 25.88 21.10 24.42 24.88 26.72 25.98 25.06 24.09 22.45 20.66 22.90 22.32 19.53 15.74 17.39 17.40 17.34 15.99 15.19 23.53 20.71 20.12 22.06 25.09 26.04 24.81 -9999.00 -9999.00 -9999.00 -9999.00 -9999.00 -9999.00 -9999.00 -9999.00 -9999.00 -9999.00 -9999.00 -9999.00 -9999.00 -9999.00 -9999.00 -9999.00 -9999.00 -9999.00 -9999.00 -9999.00 -9999.00 -9999.00 -9999.00 -9999.00 -9999.00 -9999.00 -9999.00 -9999.00 -9999.00 -9999.00 -9999.00 -9999.00 -9999.00 -9999.00 -9999.00 -9999.00 -9999.00 -9999.00 -9999.00
8.46 24.72 22.17 21.81 25.09 22.47 24.21 24.04 23.98 22.63 25.26 23.83 15.44 20.34 20.23 22.68 23.63 24.73 24.90 25.35 25.97 25.05 22.02 21.65 19.78 23.88 17.80 17.80 13.71 16.68 9.52 18.16 23.36 23.82 23.84 20.85 23.69 -9999.00 -9999.00 -9999.00 -9999.00 -9999.00 -9999.00 -9999.00 -9999.00 -9999.00 -9999.00 -9999.00 -9999.00 -9999.00 -9999.00 -9999.00 -9999.00 -9999.00 -9999.00 -9999.00 -9999.00 -9999.00 -9999.00 -9999.00 -9999.00 -9999.00 -9999.00 -9999.00 -9999.00 -9999.00 -9999.00 -9999.00 -9999.00 -9999.00 -9999.00 -9999.00 -9999.00 -9999.00 -9999.00 -9999.00
5.26 23.55 24.97 23.75 25.33 14.85 24.11 23.97 21.11 22.26 25.30 25.18 11.48 23.89 18.88 25.45 25.25 19.55 22.38 24.56 24.13 25.65 24.76 22.20 24.84 22.18 19.22 16.44 20.64 14.73 11.05 21.17 20.87 23.56 19.88 22.89 24.03 26.09 -9999.00 -9999.00 -9999.00 -9999.00 -9999.00 -9999.00 -9999.00 -9999.00 -9999.00 -9999.00 -9999.00 -9999.00 -9999.00 -9999.00 -9999.00 -9999.00 -9999.00 -9999.00 -9999.00 -9999.00 -9999.00 -9999.00 -9999.00 -9999.00 -9999.00 -9999.00 -9999.00 -9999.00 -9999.00 -9999.00 -9999.00 -9999.00 -9999.00 -9999.00 -9999.00 -9999.00 -9999.00 -9999.00
21.19 3.89 4.75 23.07 24.85 24.39 23.64 20.49 20.71 22.78 24.09 24.19 24.80 21.13 19.58 24.04 26.19 25.41 22.27 13.04 23.85 25.42 21.28 24.31 23.64 22.02 19.63 23.27 18.48 14.27 17.89 22.35 24.21 17.45 22.53 23.92 22.91 26.58 25.18 -9999.00 -9999.00 -9999.00 -9999.00 -9999.00 -9999.00 -9999.00 -9999.00 -9999.00 -9999.00 -9999.00 -9999.00 -9999.00 -9999.00 -9999.00 -9999.00 -9999.00 -9999.00 -9999.00 -9999.00 -9999.00 -9999.00 -9999.00 -9999.00 -9999.00 -9999.00 -9999.00 -9999.00 -9999.00 -9999.00 -9999.00 -9999.00 -9999.00 -9999.00 -9999.00 -9999.00 -9999.00
23.52 25.11 22.19 5.25 24.53 22.24 24.47 19.40 20.04 22.63 20.47 21.87 23.07 19.76 18.92 22.91 24.60 26.07 24.87 18.83 23.76 25.62 25.68 23.68 21.94 22.27 22.58 21.94 19.54 14.99 14.50 21.87 19.05 21.79 24.87 22.87 21.87 23.30 25.87 22.86 -9999.00 -9999.00 -9999.00 -9999.00 -9999.00 -9999.00 -9999.00 -9999.00 -9999.00 -9999.00 -9999.00 -9999.00 -9999.00 -9999.00 -9999.00 -9999.00 -9999.00 -9999.00 -9999.00 -9999.00 -9999.00 -9999.00 -9999.00 -9999.00 -9999.00 -9999.00 -9999.00 -9999.00 -9999.00 -9999.00 -9999.00 -9999.00 -9999.00 -9999.00 -9999.00 -9999.00
24.57 22.28 22.45 5.27 10.16 21.23 20.35 6.92 25.39 24.51 24.73 20.40 23.07 16.86 19.06 22.34 23.39 25.19 24.51 24.37 15.11 19.10 25.29 24.28 21.83 20.95 21.00 17.79 17.98 16.42 12.63 15.25 17.07 21.44 23.43 20.28 21.34 23.01 25.16 20.89 -9999.00 -9999.00 -9999.00 -9999.00 -9999.00 -9999.00 -9999.00 -9999.00 -9999.00 -9999.00 -9999.00 -9999.00 -9999.00 -9999.00 -9999.00 -9999.00 -9999.00 -9999.00 -9999.00 -9999.00 -9999.00 -9999.00 -9999.00 -9999.00 -9999.00 -9999.00 -9999.00 -9999.00 -9999.00 -9999.00 -9999.00 -9999.00 -9999.00 -9999.00 -9999.00 -9999.00
