Data/ASC_file/zhimenda_HumusSoilDepth.asc
ncols           679
          nrows           333
          xllcorner      90.54720
          yllcorner      32.43537
          cellsize        0.01000
        NODATA_value  -9999.00000
[rows 132 to 164 of 333, columns 73 to 145 of 679]
97.31 112.23 107.66 116.95 116.56 114.47 115.07 118.28 112.06 105.36 93.32 32.27 65.42 58.15 54.45 76.22 76.96 90.28 73.97 74.38 73.47 85.48 76.53 59.34 59.69 58.75 86.41 91.56 91.49 94.33 89.41 85.11 85.18 84.20 113.79 115.28 87.65 95.67 95.12 103.11 103.00 62.43 87.48 85.64 80.59 77.43 82.05 73.05 112.19 83.15 63.19 113.58 117.89 114.91 106.43 114.67 107.36 50.55 95.62 79.27 82.87 83.20 93.17 96.67 99.23 83.39 81.96 77.22 83.57 84.69 90.56 101.73 112.45
108.61 88.45 95.39 113.59 114.74 118.52 111.94 103.91 105.68 107.90 100.10 110.16 109.33 69.39 61.53 44.16 80.60 73.55 61.57 40.43 73.13 60.14 34.88 57.93 59.07 59.45 59.24 86.90 90.61 96.52 77.33 84.59 83.77 90.95 111.45 108.69 61.16 54.28 106.73 88.94 105.09 96.34 116.59 116.19 98.93 109.59 45.72 102.64 117.04 114.68 101.51 109.52 112.86 106.84 108.84 111.76 101.02 53.73 113.62 109.38 101.20 82.62 92.62 99.75 80.52 83.09 110.42 118.21 116.38 109.55 86.38 101.85 60.36
120.77 111.69 94.23 104.17 112.77 116.09 107.71 109.77 109.92 105.46 117.12 115.08 106.08 82.67 68.42 101.53 61.90 56.72 48.50 78.41 54.45 37.52 38.13 29.63 56.84 58.91 59.62 60.52 96.89 82.03 80.83 84.92 86.09 98.16 95.78 102.67 91.37 100.22 103.07 110.31 107.33 114.66 102.69 114.43 116.27 109.10 41.63 107.95 114.14 111.94 104.72 107.00 106.41 111.39 96.96 113.28 106.37 52.83 108.17 94.68 77.35 89.58 99.15 76.01 82.13 91.17 113.10 114.55 108.08 116.63 110.37 94.65 119.50
121.01 117.90 111.29 90.15 105.21 108.39 101.33 117.55 96.39 114.29 103.50 108.92 107.56 82.17 106.54 100.97 75.72 57.96 99.69 97.54 81.52 42.05 41.72 39.96 27.75 56.53 59.28 61.04 50.77 68.89 73.04 79.85 86.53 88.16 90.55 94.15 90.76 98.70 107.44 103.96 103.00 112.02 63.40 48.04 96.76 41.28 67.81 107.31 113.92 101.04 108.32 100.59 102.78 107.30 107.98 98.63 97.14 40.94 48.80 93.20 86.08 96.90 81.94 95.10 89.23 95.88 112.49 104.04 106.77 116.30 119.04 118.44 116.14
109.04 120.80 117.96 103.67 107.82 101.63 59.18 92.73 115.23 98.19 92.46 104.15 73.39 100.46 107.44 108.54 83.87 72.18 63.25 71.27 81.12 65.70 52.47 48.01 43.86 26.95 56.81 54.23 43.50 87.88 79.11 84.40 86.56 86.65 83.80 81.61 95.93 91.24 104.71 94.66 102.71 89.12 41.92 50.42 48.65 62.40 66.94 69.96 115.02 83.93 96.65 100.38 104.68 105.40 102.24 110.60 99.24 110.42 50.46 97.13 87.82 84.63 70.17 93.10 94.81 107.43 99.08 105.02 103.64 112.73 107.50 115.03 109.82
104.60 114.80 121.19 120.99 116.59 106.94 94.64 110.36 91.69 93.94 85.95 76.22 109.85 105.72 94.59 98.28 80.24 85.93 79.94 62.27 60.64 39.11 53.30 63.12 54.99 48.54 26.59 45.45 90.73 104.61 99.64 98.17 86.69 81.17 78.85 75.52 56.10 90.34 107.96 101.03 65.70 39.34 49.41 53.07 59.71 60.55 61.48 64.13 115.12 94.48 104.41 94.56 103.21 101.67 85.62 100.76 102.58 110.82 104.23 57.38 84.56 76.73 92.12 99.26 99.95 100.55 95.41 101.22 101.10 102.37 107.85 111.09 101.93
101.54 112.10 108.35 115.58 118.89 117.28 117.31 112.41 105.33 106.09 93.89 101.23 113.72 110.15 94.20 78.70 99.97 87.73 95.70 85.97 68.79 94.70 38.03 55.05 68.20 59.39 53.10 26.08 104.38 57.02 85.11 84.23 62.22 61.20 60.79 59.12 57.68 71.89 101.57 101.99 73.20 101.00 94.60 110.72 103.06 104.57 93.62 94.84 105.99 104.66 92.25 80.08 100.16 101.80 63.95 89.93 67.41 88.11 102.00 56.67 62.63 78.27 97.03 98.41 94.86 99.75 91.70 93.94 96.85 100.44 103.22 109.14 102.44
95.43 97.03 103.04 106.82 114.59 118.75 114.08 118.14 115.99 108.91 114.73 106.90 113.47 106.61 99.17 108.66 105.39 80.12 54.74 53.55 45.16 73.81 86.49 37.37 90.71 88.70 94.32 56.18 53.28 28.31 48.46 65.66 62.42 60.88 60.03 58.77 58.96 61.88 104.01 73.77 84.46 104.90 102.27 110.68 104.34 111.61 108.76 104.51 113.73 94.95 96.02 91.84 82.13 80.49 86.01 79.86 80.89 71.07 77.38 58.88 60.24 65.63 89.21 89.41 95.10 100.86 87.43 90.34 93.04 94.33 98.68 108.47 89.94
102.49 91.88 99.14 104.95 109.14 106.27 108.23 112.19 118.55 118.75 118.62 116.34 114.45 106.74 114.95 109.37 109.35 103.04 92.88 100.62 58.10 43.55 95.57 96.22 42.88 38.19 106.13 102.02 105.88 39.58 26.63 53.64 62.06 60.59 59.56 58.84 59.22 61.70 46.03 77.00 93.90 102.57 109.47 99.34 102.87 107.16 117.92 118.60 114.59 103.55 106.42 97.06 67.79 81.44 104.45 90.15 78.67 51.01 79.53 56.21 57.26 60.87 73.48 90.55 95.94 101.48 85.63 88.93 91.54 87.17 97.50 103.91 91.72
94.24 91.45 96.21 101.13 83.96 97.21 92.47 103.21 106.66 110.46 118.00 112.08 110.60 113.60 113.97 110.98 105.73 111.55 115.61 112.52 85.41 59.03 46.60 48.72 50.80 44.37 54.78 104.59 93.13 51.39 42.87 25.71 56.36 60.16 59.19 58.72 59.22 50.69 38.44 71.49 91.07 90.75 66.04 99.61 105.70 109.11 116.92 113.01 114.47 103.58 97.07 104.98 113.55 93.97 98.19 92.96 86.44 97.87 92.01 63.14 31.55 49.00 45.86 55.75 68.78 94.02 28.48 46.81 57.32 25.44 70.92 28.28 54.53
65.27 81.28 55.80 94.44 105.75 118.83 109.96 92.70 87.38 89.82 90.16 94.25 90.64 82.71 105.31 115.30 105.49 95.83 99.83 102.09 111.99 109.91 112.11 117.55 111.77 100.08 105.72 41.38 43.59 44.27 47.46 44.82 25.20 56.79 58.95 58.64 55.42 43.20 80.31 87.29 65.35 81.10 79.70 77.53 97.96 80.13 94.20 100.64 106.96 84.65 102.04 85.84 74.46 106.52 101.11 108.87 105.02 97.71 95.67 102.07 98.21 93.45 88.78 55.68 28.69 24.57 97.72 91.19 65.49 61.23 47.85 97.83 96.29
113.30 106.91 103.89 113.69 105.98 109.74 104.41 105.03 63.52 86.40 106.45 101.93 100.57 94.37 88.29 105.51 109.53 61.68 55.46 74.04 65.23 101.20 109.28 115.45 110.51 114.13 114.89 92.18 41.10 106.56 51.99 51.52 47.98 24.88 56.30 57.43 49.51 44.98 103.13 90.29 87.76 105.68 101.51 89.48 71.51 82.13 92.49 94.66 113.66 108.39 112.23 107.72 98.02 107.97 108.71 110.04 104.72 100.48 100.15 102.66 98.11 89.76 85.23 84.40 89.80 104.19 99.60 98.35 97.42 97.16 92.59 104.82 98.23
83.15 102.69 108.11 113.94 104.63 107.58 107.55 106.36 96.78 102.66 97.17 89.64 100.34 89.20 75.55 90.89 89.66 56.29 99.53 99.22 94.49 102.00 109.49 107.04 104.68 99.45 110.42 109.89 111.13 114.71 100.84 58.87 56.61 51.71 24.73 52.30 47.20 39.74 99.58 108.16 105.58 112.67 102.48 106.13 97.44 90.79 99.93 111.08 92.54 104.13 113.06 115.07 106.01 118.33 116.66 114.43 108.83 104.80 111.57 108.75 104.44 87.85 89.03 90.41 90.17 105.13 102.36 103.11 104.02 104.20 97.33 103.48 105.00
49.56 102.69 105.97 108.45 105.46 111.74 95.92 96.23 96.75 105.00 100.09 82.45 85.52 77.84 91.88 77.08 80.96 62.22 76.34 94.32 60.71 40.20 109.06 85.29 101.00 103.00 95.87 114.23 116.39 116.55 115.85 101.99 62.54 60.66 55.70 24.48 43.10 90.67 104.61 114.03 118.05 115.32 116.50 109.93 103.98 97.97 106.95 116.85 115.56 106.67 104.31 112.32 114.78 112.85 113.67 108.38 114.43 114.99 113.05 103.90 89.14 100.78 103.50 94.87 93.16 106.38 108.58 106.66 108.24 107.75 100.00 113.85 106.66
43.44 39.24 98.78 96.24 102.83 94.09 101.06 100.50 95.36 94.02 94.18 44.75 89.57 82.18 95.09 98.00 89.66 73.28 53.10 59.23 56.93 43.01 56.63 63.51 97.72 107.78 104.44 110.78 101.81 106.26 115.89 111.70 115.03 103.70 63.91 56.65 40.81 63.60 108.37 115.28 123.44 110.38 120.52 120.38 108.93 97.38 113.51 102.69 122.83 112.54 91.10 103.13 110.30 103.93 103.42 98.73 100.77 106.13 104.96 104.75 98.42 97.65 111.11 104.15 96.30 111.62 101.09 106.92 110.51 106.96 107.88 111.05 107.36
64.39 23.17 42.72 30.86 85.39 38.74 36.47 19.97 84.91 42.35 23.73 44.71 44.09 38.58 43.45 88.99 96.25 50.10 105.75 113.81 111.53 112.31 109.03 62.96 51.12 39.18 35.15 109.19 94.90 94.06 95.20 97.28 104.79 112.59 102.85 89.19 96.87 27.32 107.07 112.36 108.86 104.97 112.36 120.11 116.53 98.68 104.47 96.06 111.56 119.58 120.11 104.67 107.62 97.20 91.23 96.54 89.27 91.34 102.71 111.80 104.87 105.52 110.50 108.93 101.71 108.01 102.33 108.35 110.53 112.23 104.97 113.56 105.88
86.09 98.32 89.94 88.85 37.11 82.04 73.12 27.65 34.61 76.91 93.42 66.37 68.01 61.81 39.75 20.99 43.86 49.66 102.53 97.08 97.03 101.63 104.47 91.34 100.71 101.24 90.25 67.26 44.08 21.97 40.13 40.98 48.83 105.10 99.46 43.01 50.88 50.71 102.32 100.36 94.40 100.48 107.33 106.33 102.69 102.59 99.71 91.32 103.19 102.69 103.15 103.93 105.26 89.43 94.01 88.89 79.37 82.88 96.53 91.25 97.67 109.31 118.01 112.36 111.23 113.71 108.25 113.46 119.07 117.72 114.64 112.19 104.58
96.23 92.72 89.99 85.79 73.51 103.87 72.77 87.64 72.55 91.09 85.13 61.20 68.99 102.18 68.10 96.67 88.27 34.71 21.13 31.35 21.12 23.41 23.43 21.11 29.02 105.51 114.67 37.61 52.90 67.15 62.71 52.85 41.28 20.70 43.02 46.97 42.06 37.38 43.85 56.98 51.08 90.86 95.94 90.62 92.86 90.46 97.51 67.62 74.03 91.85 92.40 99.32 99.63 52.51 40.92 51.29 60.02 73.58 83.74 83.34 94.47 107.61 117.70 111.19 118.20 106.42 109.05 113.16 108.84 115.45 118.56 104.08 61.04
94.45 96.43 93.22 95.96 100.36 103.77 73.58 58.41 75.16 76.11 49.79 98.33 95.87 78.82 95.77 82.00 82.91 80.38 86.36 90.43 81.29 93.86 23.43 102.40 92.50 17.16 100.37 51.18 58.13 56.36 63.83 59.44 59.14 91.61 86.21 109.79 101.62 57.49 43.20 40.74 39.19 36.01 19.21 34.66 43.24 41.97 52.11 40.30 33.36 35.95 19.17 19.17 40.83 24.02 38.89 38.13 80.73 89.12 67.88 87.34 79.81 88.76 59.65 109.09 114.35 95.88 103.17 97.05 102.16 108.41 112.44 108.91 113.92
96.49 101.05 96.70 102.75 96.37 91.74 62.98 67.04 58.79 55.64 59.10 99.27 98.44 100.28 98.86 91.68 89.24 99.23 91.24 98.64 102.75 99.95 104.64 105.52 103.74 95.34 17.14 105.94 48.54 57.21 57.59 62.89 91.64 91.61 95.10 99.12 108.48 111.91 95.82 49.46 98.31 93.01 98.14 91.13 47.19 45.55 29.25 98.24 46.55 51.54 90.63 93.51 100.11 16.85 29.06 79.19 99.42 76.09 89.10 103.62 99.69 80.84 56.06 54.99 84.66 81.40 56.17 86.45 94.01 96.84 106.88 107.40 112.26
101.21 105.97 103.95 103.72 93.46 93.86 93.41 62.35 92.47 97.23 111.49 105.90 109.73 106.20 102.24 99.52 102.72 103.01 95.72 81.87 94.45 95.62 76.74 75.65 98.56 99.62 104.18 63.54 84.33 90.61 95.39 94.45 97.56 92.02 110.62 105.91 111.15 109.61 107.16 111.25 103.84 106.52 103.33 102.21 98.28 103.67 94.08 96.69 94.56 100.25 100.58 92.64 90.76 85.85 21.94 29.00 82.85 101.93 110.16 115.12 106.03 101.12 108.58 116.19 114.36 109.23 110.90 111.28 103.39 87.58 87.15 57.50 51.93
109.39 107.75 103.03 97.12 90.97 111.83 53.22 95.25 99.32 99.23 109.46 103.24 105.88 104.23 103.49 108.85 101.62 100.27 92.22 102.74 89.98 79.65 84.72 51.96 49.85 47.82 68.24 69.55 89.70 92.17 92.20 93.35 92.61 51.86 65.87 99.22 104.78 114.07 85.92 98.00 65.81 104.87 106.81 96.40 100.54 104.50 101.09 104.70 91.66 90.76 93.46 97.60 92.87 20.99 21.16 84.74 94.23 96.69 114.95 111.61 114.37 109.61 88.10 66.32 93.48 116.09 107.49 105.85 101.69 97.73 110.03 100.25 56.43
114.87 113.84 107.87 95.67 108.10 106.04 57.21 100.73 107.22 99.99 116.75 116.63 111.42 109.29 111.77 110.63 103.11 106.38 112.36 105.42 95.87 87.44 98.34 88.04 90.38 80.93 76.03 76.24 92.42 94.62 95.71 92.53 82.20 104.89 80.42 104.76 95.28 106.05 112.29 61.96 83.56 104.73 95.12 98.49 55.26 98.27 61.26 103.09 94.22 61.76 69.97 94.90 48.52 95.02 41.65 101.05 103.14 108.76 92.42 102.19 104.12 113.78 113.75 110.18 102.05 97.34 98.49 111.95 108.97 108.68 114.55 90.57 102.13
110.10 115.92 111.10 117.68 108.41 59.59 95.82 112.08 99.16 108.01 117.20 120.85 118.16 119.19 117.93 116.39 106.15 118.68 118.57 111.38 103.33 93.51 107.44 113.19 102.17 89.96 87.97 74.82 88.56 93.70 88.94 79.17 100.48 85.53 87.23 80.08 79.18 102.16 110.35 98.23 107.26 59.14 58.47 58.81 58.14 48.36 89.78 93.17 50.07 51.81 31.72 40.76 95.04 56.28 27.57 46.86 108.98 95.29 110.43 118.72 116.23 111.90 116.09 112.07 107.53 80.87 114.51 105.82 113.75 117.94 100.64 108.58 108.90
101.59 101.25 108.99 112.64 103.11 52.08 108.16 92.65 104.87 108.05 98.36 94.83 65.96 94.97 107.56 115.05 113.96 99.96 110.18 110.71 111.20 96.37 114.73 118.48 112.06 90.46 89.15 77.89 86.05 85.25 91.31 102.75 101.08 86.29 110.23 93.98 48.64 65.80 103.00 110.24 69.49 61.22 57.00 58.73 58.18 55.74 48.21 47.18 98.30 98.53 90.31 86.61 102.19 81.81 77.34 18.82 14.48 92.89 114.52 116.07 110.63 110.88 110.13 115.64 113.13 90.08 95.41 103.53 114.05 114.28 112.87 114.68 122.51
101.83 105.92 94.01 103.53 95.75 58.79 34.65 101.71 105.74 106.85 117.76 113.40 112.33 107.64 92.86 60.28 96.46 86.12 84.34 75.58 80.71 104.39 55.73 101.86 115.25 90.86 113.40 80.21 89.53 90.39 99.05 93.16 96.71 98.35 92.52 86.35 108.00 96.39 50.84 105.70 56.91 52.68 90.69 57.79 56.33 52.94 28.50 47.55 102.22 97.45 100.82 94.26 78.86 75.40 78.32 101.25 91.59 35.50 35.49 92.63 105.33 108.79 103.85 113.56 109.57 113.23 87.59 104.45 108.59 110.34 109.37 116.21 116.72
95.70 80.94 102.38 102.46 55.94 91.81 82.81 78.56 103.27 114.31 92.80 104.75 105.35 117.48 110.83 111.96 115.20 108.21 105.90 93.81 104.20 76.55 54.85 53.49 76.50 104.24 115.95 86.81 108.30 110.43 105.15 100.64 92.97 94.81 83.13 101.02 93.37 89.66 48.77 49.32 53.11 52.32 52.28 53.56 50.89 29.56 44.06 65.09 105.77 101.79 95.95 79.61 79.95 69.86 91.17 82.94 77.15 70.55 79.38 33.83 88.46 99.90 103.71 111.44 94.83 94.92 91.00 106.78 110.35 103.13 105.94 112.71 117.66
83.58 74.48 81.59 55.18 88.57 94.06 102.60 101.85 76.76 51.88 85.60 95.02 100.77 112.29 105.75 109.81 115.54 115.43 117.33 114.17 111.17 105.43 78.39 51.42 71.74 77.02 43.86 112.31 109.14 116.83 112.13 106.40 103.61 90.64 108.30 103.60 99.82 96.23 83.60 97.22 53.86 52.51 51.63 49.08 33.74 37.88 79.70 91.52 103.14 100.31 92.44 76.39 72.27 97.49 86.59 79.73 74.59 72.57 97.80 88.39 36.62 91.09 102.72 99.79 84.38 92.74 95.84 110.81 100.42 110.15 101.20 108.42 108.13
66.74 58.19 49.70 66.58 90.63 109.81 102.41 107.31 109.19 92.29 97.61 99.85 105.70 87.55 103.09 107.83 104.73 107.70 113.23 117.92 119.46 115.09 80.25 98.98 112.69 114.19 112.96 108.21 110.06 116.92 116.52 110.47 115.27 105.27 110.61 105.04 102.68 101.46 96.33 96.53 90.41 86.97 88.67 97.89 69.46 47.03 88.14 102.82 106.34 98.19 83.45 69.27 90.77 76.74 80.61 79.20 75.78 87.83 97.52 84.20 76.31 18.34 23.56 79.26 86.42 93.50 100.29 95.54 106.10 111.53 99.10 100.00 101.69
63.86 94.52 92.59 87.75 84.47 107.18 109.36 102.50 110.21 96.24 109.91 107.73 100.74 110.81 100.57 100.55 71.80 80.81 96.31 104.83 101.97 65.50 102.30 101.03 104.48 107.67 115.69 86.32 107.67 112.29 116.64 114.22 116.93 109.74 115.61 108.59 104.88 113.89 96.56 104.53 96.07 97.96 96.59 104.06 94.45 56.31 101.38 90.15 91.31 75.57 64.11 82.15 88.90 79.93 82.45 78.65 89.05 90.25 83.54 80.93 77.61 93.78 82.04 20.64 16.67 87.21 83.95 90.48 103.36 98.75 95.75 96.97 97.57
99.12 98.81 104.18 107.61 105.54 76.05 104.85 106.21 113.11 106.05 111.93 108.02 101.80 107.73 97.33 76.62 95.66 78.43 50.78 49.98 76.13 94.24 107.03 108.44 96.97 59.18 92.24 78.32 73.41 105.36 102.31 111.69 114.38 116.56 112.12 110.84 115.33 115.67 103.15 110.04 114.17 100.48 97.43 98.82 79.35 58.45 62.94 85.35 74.52 74.23 87.12 93.00 103.27 87.63 81.86 89.85 83.31 72.48 93.94 82.86 91.98 87.32 79.80 56.36 24.56 18.27 20.60 16.65 93.53 90.51 92.55 92.98 91.70
105.48 114.24 116.70 109.42 119.61 120.95 77.51 107.78 109.56 118.62 117.07 118.09 114.22 99.30 113.12 96.54 119.49 111.58 107.18 107.53 100.51 114.87 112.20 106.29 111.25 115.55 109.87 88.48 101.22 78.65 72.82 98.04 103.85 119.82 115.03 122.18 122.31 118.28 115.03 112.16 105.77 104.96 103.56 107.87 106.78 77.44 67.37 80.21 90.32 90.97 96.08 90.84 77.17 80.05 81.50 80.81 86.20 89.06 101.90 102.41 95.67 89.04 90.90 96.41 102.79 97.22 84.87 24.53 27.45 20.58 22.89 23.89 24.30
105.02 113.42 118.18 114.09 109.83 109.17 78.50 114.63 103.24 115.39 120.79 109.26 90.79 105.38 90.37 104.48 119.01 114.06 118.06 110.30 95.72 112.57 112.51 116.13 113.38 114.12 106.58 105.93 99.58 93.55 67.20 101.20 115.93 102.14 112.69 115.77 116.58 114.95 113.55 110.17 118.20 113.50 115.76 113.29 112.59 103.38 68.04 112.26 111.17 99.80 92.16 107.59 108.90 83.87 83.49 88.49 89.75 89.56 107.41 98.78 93.80 89.32 92.64 100.01 99.09 87.06 89.55 95.25 93.06 81.12 26.81 25.14 24.69
