Data/ASC_file/zhimenda_DEM.asc
ncols           679
          nrows           333
          xllcorner      90.54720
          yllcorner      32.43537
          cellsize        0.01000
        NODATA_value  -9999.00000
[rows 270 to 299 of 333, columns 330 to 395 of 679]
4780.00 4767.00 4752.00 4743.00 4740.00 4748.00 4748.00 4758.00 4810.00 4808.00 4812.00 4854.00 5000.00 4936.00 -9999.00 -9999.00 -9999.00 -9999.00 -9999.00 -9999.00 -9999.00 -9999.00 -9999.00 -9999.00 -9999.00 -9999.00 -9999.00 -9999.00 -9999.00 -9999.00 -9999.00 -9999.00 -9999.00 -9999.00 -9999.00 -9999.00 -9999.00 -9999.00 -9999.00 -9999.00 -9999.00 -9999.00 -9999.00 -9999.00 -9999.00 -9999.00 -9999.00 -9999.00 -9999.00 -9999.00 -9999.00 -9999.00 -9999.00 -9999.00 -9999.00 -9999.00 -9999.00 -9999.00 -9999.00 -9999.00 -9999.00 -9999.00 -9999.00 -9999.00 -9999.00 -9999.00
4768.00 4757.00 4747.00 4740.00 4735.00 4735.00 4735.00 4749.00 4775.00 4770.00 4786.00 4828.00 4922.00 4898.00 -9999.00 -9999.00 -9999.00 -9999.00 -9999.00 -9999.00 -9999.00 -9999.00 -9999.00 -9999.00 -9999.00 -9999.00 -9999.00 -9999.00 -9999.00 -9999.00 -9999.00 -9999.00 -9999.00 -9999.00 -9999.00 -9999.00 -9999.00 -9999.00 -9999.00 -9999.00 -9999.00 -9999.00 -9999.00 -9999.00 -9999.00 -9999.00 -9999.00 -9999.00 -9999.00 -9999.00 -9999.00 -9999.00 -9999.00 -9999.00 -9999.00 -9999.00 -9999.00 -9999.00 -9999.00 -9999.00 -9999.00 -9999.00 -9999.00 -9999.00 -9999.00 -9999.00
4759.00 4764.00 4749.00 4735.00 4735.00 4731.00 4733.00 4745.00 4752.00 4761.00 4761.00 4807.00 4866.00 4899.00 -9999.00 4878.00 4857.00 -9999.00 -9999.00 -9999.00 -9999.00 -9999.00 -9999.00 4948.00 4927.00 4928.00 4928.00 4904.00 4963.00 -9999.00 -9999.00 -9999.00 -9999.00 -9999.00 -9999.00 -9999.00 -9999.00 -9999.00 -9999.00 -9999.00 -9999.00 -9999.00 -9999.00 -9999.00 -9999.00 -9999.00 -9999.00 -9999.00 -9999.00 -9999.00 -9999.00 -9999.00 -9999.00 -9999.00 -9999.00 -9999.00 -9999.00 -9999.00 -9999.00 -9999.00 -9999.00 -9999.00 -9999.00 -9999.00 -9999.00 -9999.00
4787.00 4794.00 4768.00 4768.00 4732.00 4727.00 4733.00 4740.00 4743.00 4743.00 4774.00 4812.00 4852.00 4886.00 4886.00 4919.00 4856.00 4898.00 4968.00 -9999.00 -9999.00 -9999.00 -9999.00 -9999.00 4915.00 4915.00 4876.00 4870.00 4935.00 5007.00 5007.00 -9999.00 -9999.00 -9999.00 -9999.00 -9999.00 -9999.00 -9999.00 -9999.00 -9999.00 -9999.00 -9999.00 -9999.00 -9999.00 -9999.00 -9999.00 -9999.00 -9999.00 -9999.00 -9999.00 -9999.00 -9999.00 -9999.00 -9999.00 -9999.00 -9999.00 -9999.00 -9999.00 -9999.00 -9999.00 -9999.00 -9999.00 -9999.00 -9999.00 -9999.00 -9999.00
4776.00 4808.00 4808.00 4836.00 4734.00 4724.50 4733.00 4732.00 4732.00 4734.00 4749.00 4832.00 4829.00 4801.00 4825.00 4874.00 4852.00 4839.00 4902.00 4902.00 4867.00 4928.00 4944.00 4970.00 4970.00 4900.00 4849.00 4837.00 4882.00 4882.00 4929.00 -9999.00 -9999.00 -9999.00 -9999.00 -9999.00 -9999.00 -9999.00 -9999.00 -9999.00 -9999.00 -9999.00 -9999.00 -9999.00 -9999.00 -9999.00 -9999.00 -9999.00 -9999.00 -9999.00 -9999.00 -9999.00 -9999.00 -9999.00 -9999.00 -9999.00 -9999.00 -9999.00 -9999.00 -9999.00 -9999.00 -9999.00 -9999.00 -9999.00 -9999.00 -9999.00
4733.00 4733.00 4792.00 4800.00 4730.00 4724.40 4724.40 4724.40 4724.50 4729.00 4734.00 4801.00 4801.00 4768.00 4795.00 4813.00 4815.00 4823.00 4823.00 4839.00 4828.10 4870.00 4916.00 4916.00 4948.00 4900.00 4830.00 4832.00 4857.00 4857.10 4892.00 5179.00 5120.00 -9999.00 -9999.00 -9999.00 -9999.00 -9999.00 -9999.00 -9999.00 5114.00 4986.00 -9999.00 -9999.00 -9999.00 -9999.00 -9999.00 -9999.00 -9999.00 -9999.00 -9999.00 -9999.00 -9999.00 -9999.00 -9999.00 -9999.00 -9999.00 -9999.00 -9999.00 -9999.00 -9999.00 -9999.00 -9999.00 -9999.00 -9999.00 -9999.00
4720.00 4726.00 4772.00 4754.00 4724.40 4724.30 4724.30 4728.00 4752.00 4784.00 4739.00 4738.00 4758.00 4762.00 4780.00 4795.00 4800.00 4800.00 4835.00 4833.00 4828.00 4830.00 4830.00 4895.00 4955.00 4898.00 4814.00 4859.00 4859.00 4863.00 4924.00 5128.00 5128.00 4944.00 4968.00 4996.00 5012.00 5010.00 5010.00 5033.00 5002.00 4903.00 4979.00 4979.00 5003.00 4965.00 4947.00 4980.00 5022.00 5022.00 -9999.00 -9999.00 -9999.00 -9999.00 -9999.00 -9999.00 -9999.00 -9999.00 -9999.00 -9999.00 -9999.00 -9999.00 -9999.00 -9999.00 -9999.00 -9999.00
4719.00 4722.00 4745.00 4773.00 4731.00 4731.00 4724.20 4729.00 4753.00 4796.00 4764.00 4746.00 4750.00 4756.00 4768.00 4779.00 4779.00 4794.00 4808.00 4854.00 4826.00 4800.00 4794.00 4834.00 4909.00 4887.00 4809.00 4786.00 4828.00 4851.00 4946.00 5009.00 4948.00 4867.00 4876.00 4952.00 4915.00 4915.00 4911.00 4945.00 4915.00 4862.00 4887.00 4916.00 4977.00 4987.00 4978.00 4929.00 4929.00 4943.00 5016.00 -9999.00 -9999.00 -9999.00 -9999.00 -9999.00 -9999.00 -9999.00 -9999.00 -9999.00 -9999.00 -9999.00 -9999.00 -9999.00 -9999.00 -9999.00
4705.10 4713.00 4718.00 4718.10 4724.00 4724.10 4752.00 4785.00 4794.00 4794.00 4746.10 4766.00 4747.00 4747.10 4747.20 4761.00 4780.00 4778.00 4762.20 4762.10 4762.00 4757.00 4764.00 4764.00 4763.00 4763.00 4760.00 4763.00 4772.00 4778.00 4802.00 4849.00 4938.00 4834.00 4836.00 4836.00 4934.00 4822.00 4843.00 4876.00 4802.00 4802.00 4833.00 4860.00 4851.00 4864.00 4864.00 4842.00 4861.00 4889.00 4915.00 4966.00 -9999.00 -9999.00 -9999.00 -9999.00 -9999.00 -9999.00 -9999.00 -9999.00 -9999.00 -9999.00 -9999.00 -9999.00 -9999.00 -9999.00
4711.00 4744.00 4744.00 4719.00 4727.00 4745.00 4748.00 4761.00 4761.10 4786.00 4778.00 4757.00 4756.00 4756.00 4763.00 4794.00 4817.00 4801.00 4773.00 4773.00 4786.00 4752.00 4750.00 4744.00 4744.00 4748.00 4753.00 4750.00 4746.00 4757.00 4757.00 4771.00 4809.00 4766.00 4766.00 4790.00 4837.00 4778.00 4795.00 4843.00 4766.00 4773.00 4863.00 4855.00 4831.20 4831.20 4835.00 4860.00 4900.00 4979.00 5002.00 5002.00 5030.00 -9999.00 -9999.00 -9999.00 -9999.00 -9999.00 -9999.00 -9999.00 -9999.00 -9999.00 -9999.00 -9999.00 -9999.00 -9999.00
4731.00 4731.00 4762.00 4722.00 4734.00 4740.00 4786.00 4786.00 4784.00 4806.00 4808.00 4772.00 4810.00 4777.00 4808.00 4865.00 4882.00 4839.00 4839.00 4802.00 4801.00 4753.00 4741.10 4741.00 4741.00 4749.00 4746.00 4739.00 4738.00 4738.00 4739.00 4744.00 4770.00 4747.00 4751.00 4746.00 4766.00 4766.00 4765.00 4765.00 4764.00 4792.00 4842.00 4831.10 4831.10 4831.10 4835.00 4911.00 4958.00 4995.00 4995.00 5109.00 5082.00 5169.00 -9999.00 -9999.00 -9999.00 -9999.00 -9999.00 -9999.00 -9999.00 -9999.00 -9999.00 -9999.00 -9999.00 -9999.00
4744.00 4734.00 4725.00 4738.00 4755.00 4775.00 4815.00 4822.00 4808.00 4831.00 4816.00 4821.00 4798.00 4810.00 4836.00 4829.00 4822.00 4822.00 4821.00 4772.00 4748.00 4762.00 4762.00 4743.00 4738.00 4745.00 4738.00 4736.00 4736.00 4729.00 4730.00 4736.00 4740.00 4740.00 4742.00 4744.00 4755.00 4758.00 4758.00 4759.00 4768.00 4780.00 4854.00 4854.00 4831.00 4839.00 4861.00 4908.00 4968.00 4968.00 4996.00 5132.00 5123.00 5145.00 -9999.00 -9999.00 -9999.00 -9999.00 -9999.00 -9999.00 -9999.00 -9999.00 -9999.00 -9999.00 -9999.00 -9999.00
4713.00 4713.10 4737.00 4772.00 4780.00 4780.00 4792.00 4779.00 4786.00 4809.00 4778.00 4779.00 4798.00 4817.00 4781.00 4778.00 4778.00 4773.00 4772.00 4741.00 4738.00 4730.00 4726.10 4735.00 4734.00 4737.00 4734.00 4734.00 4730.00 4726.10 4726.10 4734.00 4737.00 4736.00 4742.00 4748.00 4756.00 4756.00 4759.00 4763.00 4774.00 4779.00 4793.00 4797.00 4815.00 4847.00 4844.00 4864.00 4864.10 4898.00 4939.00 5038.00 5006.00 4995.00 -9999.00 -9999.00 -9999.00 -9999.00 -9999.00 -9999.00 -9999.00 -9999.00 -9999.00 -9999.00 -9999.00 -9999.00
4755.00 4723.00 4734.00 4777.00 4777.00 4745.00 4742.00 4742.00 4748.00 4752.00 4752.00 4753.00 4861.00 4842.00 4787.00 4787.00 4768.00 4757.00 4740.00 4739.00 4733.00 4730.00 4726.00 4731.00 4736.00 4736.00 4730.00 4731.00 4728.00 4726.00 4727.00 4733.00 4733.00 4737.00 4742.00 4750.00 4750.00 4757.00 4758.00 4765.00 4775.00 4788.00 4783.00 4804.00 4840.00 4843.00 4871.00 4871.00 4867.00 4876.00 4895.00 4937.00 4992.00 4977.00 -9999.00 -9999.00 -9999.00 -9999.00 -9999.00 -9999.00 -9999.00 -9999.00 -9999.00 -9999.00 -9999.00 -9999.00
4760.00 4768.00 4745.00 4745.00 4745.00 4743.00 4748.00 4734.00 4727.00 4727.00 4722.00 4788.00 4847.00 4815.00 4815.00 4786.00 4760.00 4738.00 4735.00 4731.00 4731.00 4720.00 4724.00 4730.00 4729.00 4729.00 4724.00 4724.00 4721.10 4722.00 4727.00 4729.00 4731.00 4737.00 4742.00 4747.00 4747.00 4755.00 4761.00 4766.00 4775.00 4775.00 4782.00 4820.00 4936.00 4916.00 4886.00 4893.00 4889.00 4911.00 4925.00 4922.00 4945.00 -9999.00 -9999.00 -9999.00 -9999.00 -9999.00 -9999.00 -9999.00 -9999.00 -9999.00 -9999.00 -9999.00 -9999.00 -9999.00
4740.00 4769.00 4769.00 4777.00 4737.00 4763.00 4823.00 4730.00 4730.00 4715.00 4728.00 4807.00 4778.00 4778.00 4762.00 4744.00 4735.00 4738.00 4727.00 4716.00 4716.00 4717.00 4719.00 4723.00 4723.00 4721.00 4723.00 4721.00 4721.00 4722.00 4722.10 4727.00 4729.00 4732.00 4738.00 4738.00 4745.00 4750.00 4757.00 4762.00 4762.00 4769.00 4781.00 4790.00 4825.00 4825.00 4866.00 4912.00 4889.10 4922.00 4941.00 -9999.00 -9999.00 -9999.00 -9999.00 -9999.00 -9999.00 -9999.00 -9999.00 -9999.00 -9999.00 -9999.00 -9999.00 -9999.00 -9999.00 -9999.00
4730.00 4730.00 4768.00 4750.00 4730.00 4798.00 4786.00 4786.00 4713.00 4713.00 4761.00 4762.00 4751.00 4739.00 4727.00 4723.00 4722.00 4720.00 4720.00 4715.90 4715.90 4715.90 4715.90 4716.00 4716.10 4718.00 4719.00 4720.00 4722.00 4722.00 4724.00 4726.00 4729.00 4731.00 4731.00 4736.00 4746.00 4747.00 4756.00 4752.10 4758.00 4762.00 4779.00 4789.00 4789.10 4815.00 4898.00 4919.00 4909.00 4923.00 -9999.00 -9999.00 -9999.00 -9999.00 -9999.00 -9999.00 -9999.00 -9999.00 -9999.00 -9999.00 -9999.00 -9999.00 -9999.00 -9999.00 -9999.00 -9999.00
4704.20 4715.00 4739.00 4717.00 4740.00 4743.00 4743.00 4715.00 4705.00 4716.00 4739.00 4722.00 4741.00 4706.00 4706.10 4706.20 4716.00 4716.00 4715.80 4719.00 4715.80 4715.80 4715.90 4716.00 4716.10 4716.20 4716.30 4716.40 4716.50 4718.00 4721.00 4727.00 4727.00 4727.10 4732.00 4736.00 4744.00 4745.00 4752.00 4753.00 4757.00 4778.00 4827.00 4827.00 4822.00 4838.00 4925.00 4933.00 4946.00 4946.00 4942.00 4939.00 -9999.00 -9999.00 -9999.00 -9999.00 -9999.00 -9999.00 -9999.00 -9999.00 -9999.00 -9999.00 -9999.00 -9999.00 -9999.00 -9999.00
4704.30 4704.30 4704.40 4704.50 4704.60 4704.70 4704.80 4704.90 4705.00 4705.10 4705.20 4705.30 4705.40 4719.00 4715.00 4715.00 4710.00 4721.00 4715.70 4715.70 4715.70 4720.00 4727.00 4724.00 4721.00 4724.00 4724.00 4719.00 4722.00 4723.00 4723.00 4728.00 4731.00 4730.00 4732.00 4734.00 4737.00 4737.00 4742.00 4743.00 4747.00 4756.00 4776.00 4798.00 4815.00 4851.00 4822.00 4822.00 4851.00 4874.00 4878.00 4900.00 -9999.00 -9999.00 -9999.00 -9999.00 -9999.00 -9999.00 -9999.00 -9999.00 -9999.00 -9999.00 -9999.00 -9999.00 -9999.00 -9999.00
4704.30 4706.00 4732.00 4732.00 4714.00 4722.00 4738.00 4724.00 4712.00 4712.00 4706.00 4705.30 4705.40 4715.00 4715.00 4719.00 4722.00 4722.00 4715.60 4715.60 4715.60 4715.70 4718.00 4723.00 4722.00 4723.00 4731.00 4724.00 4724.00 4725.00 4726.00 4734.00 4735.00 4736.00 4737.00 4736.00 4736.00 4736.10 4739.00 4745.00 4751.00 4751.00 4760.00 4770.00 4793.00 4813.00 4813.00 4802.00 4807.00 4819.00 4834.00 4848.00 -9999.00 -9999.00 -9999.00 -9999.00 -9999.00 -9999.00 -9999.00 -9999.00 -9999.00 -9999.00 -9999.00 -9999.00 -9999.00 -9999.00
4706.00 4724.00 4724.00 4761.00 4742.00 4737.00 4756.00 4716.00 4716.00 4705.50 4705.40 4725.00 4709.00 4709.00 4719.00 4715.10 4723.00 4716.00 4715.50 4715.50 4715.60 4715.70 4718.00 4718.10 4718.20 4718.30 4721.00 4722.00 4724.00 4729.00 4729.00 4736.00 4738.00 4739.00 4740.00 4740.00 4741.00 4741.00 4741.00 4748.00 4751.00 4751.00 4758.00 4766.00 4794.00 4776.00 4783.00 4801.00 4787.00 4800.00 4821.00 -9999.00 -9999.00 -9999.00 -9999.00 -9999.00 -9999.00 -9999.00 -9999.00 -9999.00 -9999.00 -9999.00 -9999.00 -9999.00 -9999.00 -9999.00
4719.00 4719.00 4725.00 4736.00 4718.00 4738.00 4727.00 4727.00 4705.60 4705.50 4715.00 4763.00 4763.00 4745.00 4725.00 4715.20 4715.20 4720.00 4715.40 4715.50 4715.60 4715.70 4728.00 4728.00 4718.20 4718.30 4718.40 4722.00 4726.00 4726.00 4730.00 4739.00 4739.00 4745.00 4745.00 4745.00 4741.00 4745.00 4746.00 4749.00 4749.00 4751.00 4761.00 4769.00 4769.00 4774.00 4778.00 4785.00 4788.00 4799.00 4799.00 -9999.00 -9999.00 -9999.00 -9999.00 -9999.00 -9999.00 -9999.00 -9999.00 -9999.00 -9999.00 -9999.00 -9999.00 -9999.00 -9999.00 -9999.00
4728.00 4728.00 4730.00 4725.00 4712.00 4710.10 4710.00 4709.00 4715.00 4728.00 4745.00 4747.00 4769.00 4736.00 4715.30 4715.30 4715.30 4715.30 4715.40 4715.50 4715.60 4715.70 4715.80 4735.00 4719.00 4731.00 4718.40 4721.00 4721.10 4727.00 4731.00 4746.00 4744.00 4744.00 4749.00 4750.00 4745.00 4743.00 4746.00 4749.00 4750.00 4751.00 4759.00 4766.00 4766.00 4772.00 4777.00 4780.00 4789.00 4789.00 4800.00 -9999.00 -9999.00 -9999.00 -9999.00 -9999.00 -9999.00 -9999.00 -9999.00 -9999.00 -9999.00 -9999.00 -9999.00 -9999.00 -9999.00 -9999.00
4714.00 4717.00 4723.00 4716.00 4717.00 4717.00 4725.00 4736.00 4718.00 4725.00 4733.00 4731.00 4727.00 4715.40 4716.00 4715.40 4715.40 4715.40 4715.40 4715.50 4715.60 4749.00 4767.00 4732.00 4796.00 4740.00 4733.00 4733.00 4733.00 4728.00 4748.00 4790.00 4790.00 4753.00 4749.00 4754.00 4746.00 4745.00 4753.00 4754.00 4753.00 4755.00 4758.00 4758.00 4763.00 4766.00 4774.00 4784.00 4784.00 4789.00 4790.00 4809.00 -9999.00 -9999.00 -9999.00 -9999.00 -9999.00 -9999.00 -9999.00 -9999.00 -9999.00 -9999.00 -9999.00 -9999.00 -9999.00 -9999.00
4716.00 4718.00 4716.10 4716.10 4723.00 4732.00 4747.00 4761.00 4721.00 4719.00 4719.10 4722.00 4718.00 4715.50 4715.50 4715.50 4715.50 4715.50 4715.50 4718.00 4715.60 4715.70 4739.00 4797.00 4786.00 4762.00 4762.00 4788.00 4795.00 4766.00 4785.00 4936.00 4899.00 4803.00 4752.00 4758.00 4753.00 4753.00 4767.00 4760.00 4762.00 4757.00 4757.00 4763.00 4765.00 4767.00 4772.00 4780.00 4780.00 4786.00 4791.00 4796.00 -9999.00 -9999.00 -9999.00 -9999.00 -9999.00 -9999.00 -9999.00 -9999.00 -9999.00 -9999.00 -9999.00 -9999.00 -9999.00 -9999.00
4726.00 4718.00 4718.00 4718.00 4746.00 4754.00 4747.00 4744.00 4719.10 4719.10 4721.00 4728.00 4723.00 4720.00 4720.00 4725.00 4718.00 4715.60 4718.00 4716.00 4716.00 4717.00 4726.00 4757.00 4740.00 4740.00 4769.00 4809.00 4852.00 4863.00 4842.00 4955.00 4899.00 4826.00 4757.00 4773.00 4773.00 4766.00 4808.00 4789.00 4784.00 4769.00 4758.00 4760.00 4761.00 4768.00 4767.10 4767.20 4775.00 4774.00 4783.00 -9999.00 -9999.00 -9999.00 -9999.00 -9999.00 -9999.00 -9999.00 -9999.00 -9999.00 -9999.00 -9999.00 -9999.00 -9999.00 -9999.00 -9999.00
4731.00 4721.00 4721.00 4723.00 4760.00 4758.00 4730.00 4729.00 4729.00 4728.00 4728.00 4733.00 4724.00 4724.00 4723.00 4725.00 4719.00 4722.00 4722.00 4722.00 4720.00 4722.00 4723.00 4728.00 4727.10 4730.00 4749.00 4781.00 4836.00 4889.00 4889.00 4831.00 4839.00 4790.00 4779.00 4779.00 4816.00 4807.00 4899.00 4860.00 4840.00 4840.00 4773.00 4763.00 4760.10 4768.00 4768.00 4767.20 4769.00 4772.00 -9999.00 -9999.00 -9999.00 -9999.00 -9999.00 -9999.00 -9999.00 -9999.00 -9999.00 -9999.00 -9999.00 -9999.00 -9999.00 -9999.00 -9999.00 -9999.00
4727.00 4727.00 4726.00 4731.00 4761.00 4745.00 4734.00 4734.00 4736.00 4743.00 4734.00 4733.00 4733.00 4727.00 4727.00 4728.00 4727.00 4727.00 4744.00 4736.00 4735.00 4727.00 4727.00 4727.00 4733.00 4731.00 4739.00 4751.00 4782.00 4782.00 4822.00 4781.00 4790.00 4773.00 4773.00 4798.00 4859.00 4895.00 4859.00 4862.00 4862.00 4856.00 4793.00 4776.00 4771.00 4771.00 4774.00 4774.00 4773.00 4775.00 -9999.00 -9999.00 -9999.00 -9999.00 -9999.00 -9999.00 -9999.00 -9999.00 -9999.00 -9999.00 -9999.00 -9999.00 -9999.00 -9999.00 -9999.00 -9999.00
4728.00 4728.00 4734.00 4757.00 4743.00 4750.00 4750.00 4749.00 4743.00 4741.00 4741.00 4732.10 4733.00 4730.00 4731.00 4733.00 4739.00 4747.00 4747.00 4735.10 4742.00 4736.00 4736.00 4735.00 4746.00 4743.00 4747.00 4746.00 4746.10 4759.00 4768.00 4768.10 4772.00 4772.10 4772.20 4783.00 4820.00 4843.00 4815.00 4815.00 4820.00 4842.00 4819.00 4783.00 4803.00 4777.00 4776.00 4778.00 4776.00 -9999.00 -9999.00 -9999.00 -9999.00 -9999.00 -9999.00 -9999.00 -9999.00 -9999.00 -9999.00 -9999.00 -9999.00 -9999.00 -9999.00 -9999.00 -9999.00 -9999.00
4752.00 4764.00 4770.00 4798.00 4798.00 4784.00 4780.00 4745.00 4743.00 4738.10 4738.00 4734.00 4732.00 4730.10 4736.00 4736.00 4745.00 4757.00 4764.00 4742.00 4756.00 4751.00 4749.00 4759.00 4769.00 4760.00 4760.00 4758.00 4758.00 4759.00 4771.00 4768.10 4793.00 4799.00 4788.00 4772.30 4788.00 4788.00 4803.00 4827.00 4828.00 4825.00 4805.00 4801.00 4796.00 4789.00 4796.00 4789.00 4789.00 4784.00 -9999.00 -9999.00 -9999.00 -9999.00 -9999.00 -9999.00 -9999.00 -9999.00 -9999.00 -9999.00 -9999.00 -9999.00 -9999.00 -9999.00 -9999.00 -9999.00
