Data/ASC_file/zhimenda_TensionWaterCapacity.asc
ncols           679
          nrows           333
          xllcorner      90.54720
          yllcorner      32.43537
          cellsize        0.01000
        NODATA_value  -9999.00000
[rows 160 to 191 of 333, columns 432 to 503 of 679]
126.61 76.83 82.49 132.57 113.19 131.15 116.98 124.41 84.39 123.46 123.51 118.55 85.02 109.29 105.06 102.32 71.32 96.87 95.86 114.31 91.95 98.49 102.30 124.48 91.04 103.14 110.85 129.61 131.28 132.95 126.99 115.40 126.68 128.27 109.48 125.17 135.65 132.85 113.23 138.02 99.44 135.91 119.99 108.41 129.31 139.35 141.00 96.69 117.81 119.04 127.63 58.92 56.98 56.32 104.28 90.36 131.84 134.24 119.72 123.41 134.92 132.72 47.30 139.65 138.25 114.06 122.50 123.93 110.08 116.34 136.46 136.96
128.07 105.51 76.06 120.96 129.67 128.32 115.73 99.19 81.80 80.96 124.46 79.06 110.44 102.45 109.40 89.49 66.09 88.94 91.83 58.37 94.23 101.58 100.74 99.74 113.57 108.51 119.13 126.07 133.85 123.45 136.44 109.98 125.37 119.96 109.14 116.43 132.64 137.45 106.45 109.48 126.68 138.51 127.38 132.09 142.23 124.18 91.77 130.02 62.80 61.31 106.86 107.71 139.22 106.99 130.24 111.99 54.35 88.61 49.20 86.06 48.51 65.48 115.23 144.20 143.60 115.34 127.24 125.98 121.25 127.04 138.36 99.32
128.99 56.05 104.99 125.08 131.99 127.76 105.97 99.47 99.82 106.70 90.90 94.41 121.39 103.88 109.77 107.90 89.35 89.70 87.10 102.46 118.51 113.73 109.10 107.76 101.76 100.32 116.99 127.64 113.23 125.79 127.64 115.42 135.10 117.70 137.11 114.46 125.91 134.64 136.88 112.56 129.83 136.43 141.29 138.94 138.60 123.98 69.97 136.95 138.19 124.82 145.18 139.66 111.46 130.08 102.68 142.36 52.42 106.91 110.94 134.13 118.31 125.73 110.62 87.06 130.85 118.02 124.60 122.45 131.32 129.51 102.06 119.13
77.70 95.47 97.97 127.86 131.20 109.77 123.15 122.43 93.31 86.79 134.91 122.94 125.91 105.43 116.84 113.14 113.00 121.24 116.25 83.61 107.73 114.04 97.70 109.33 115.51 124.38 112.23 113.98 118.31 124.04 119.00 127.31 110.18 122.84 132.63 100.32 110.38 126.49 109.42 116.80 122.40 132.13 128.04 129.28 137.73 132.12 134.07 134.37 142.05 131.81 114.24 62.96 75.92 126.97 145.29 118.11 132.61 99.50 138.59 142.66 126.72 117.49 134.45 106.73 138.23 127.01 124.52 129.95 130.53 108.93 138.97 118.03
80.32 82.32 113.22 133.98 115.73 120.38 125.04 45.46 121.58 122.12 138.04 137.37 138.91 106.08 117.62 117.36 109.57 121.49 115.31 113.51 76.80 54.06 83.07 121.33 115.11 98.80 111.57 110.97 114.45 118.78 122.05 121.45 104.38 125.58 127.24 133.55 105.64 109.48 105.04 114.64 115.16 113.00 116.11 119.18 140.81 134.31 135.43 135.19 131.44 111.71 126.59 132.14 129.75 120.66 144.78 138.87 89.93 98.88 139.01 142.14 120.98 121.51 143.54 109.56 143.35 138.49 118.37 119.54 112.83 140.59 117.79 129.10
86.79 100.94 124.73 130.29 124.06 118.29 111.36 72.66 134.64 130.43 132.87 118.05 112.43 124.15 127.64 126.68 116.80 123.78 121.65 107.11 115.60 102.04 95.78 95.74 81.92 99.69 109.22 100.49 108.11 122.23 113.13 121.49 103.40 120.78 117.84 120.61 108.80 99.73 119.84 111.22 109.18 112.46 101.61 121.49 131.20 141.13 109.83 130.60 125.21 134.04 134.71 139.76 140.71 131.26 141.82 119.38 109.26 95.29 117.90 137.25 134.68 121.96 143.03 109.64 141.68 141.47 113.13 135.56 123.75 123.16 135.23 127.59
127.37 76.60 133.23 129.26 126.71 121.93 118.51 76.52 133.07 120.08 125.37 134.26 121.33 125.81 126.26 136.60 123.69 125.62 117.33 124.58 123.16 109.52 113.95 92.96 102.97 100.56 125.72 87.98 89.13 99.81 117.26 128.87 104.72 107.33 101.31 109.33 109.25 100.65 119.88 98.56 107.58 107.16 120.64 124.49 131.81 132.81 138.86 108.18 141.45 138.65 140.19 131.13 134.06 134.52 129.58 92.35 132.31 95.59 121.06 88.92 132.65 132.23 126.42 110.84 139.23 137.78 107.48 138.25 130.79 138.75 122.63 103.67
139.93 46.00 131.47 134.05 134.63 125.09 110.23 91.36 75.56 110.40 129.22 138.25 135.47 124.96 71.02 132.74 128.32 123.13 126.38 125.27 132.28 117.34 109.81 106.16 105.01 102.66 128.79 109.85 119.90 89.27 117.48 127.06 108.97 118.86 114.95 101.98 108.70 102.75 103.09 98.83 106.34 111.01 119.85 128.05 140.25 118.75 139.03 116.62 121.39 134.04 120.94 110.98 122.53 132.76 135.63 110.05 103.76 136.94 133.88 113.64 136.43 140.66 116.64 108.95 105.30 129.86 122.32 136.49 137.79 134.42 115.20 114.90
123.29 46.08 125.35 130.25 137.08 127.93 112.96 116.23 100.24 86.79 127.65 137.07 136.31 93.85 124.83 117.14 133.08 125.55 127.37 131.17 128.55 117.34 115.63 112.30 107.50 93.12 130.43 131.28 117.73 99.45 90.51 113.79 101.82 106.98 109.18 101.20 104.60 101.72 99.90 102.22 102.06 115.48 118.70 108.85 124.04 124.62 123.92 123.81 96.13 101.48 98.82 130.82 133.91 140.32 57.38 125.50 109.96 141.42 139.73 107.42 132.67 139.77 121.44 124.18 126.54 131.59 135.64 127.86 134.42 133.14 95.19 138.05
75.68 91.21 96.80 132.04 128.84 134.36 120.31 127.12 100.16 88.91 120.80 130.94 128.53 53.23 122.79 61.36 134.50 122.72 130.62 135.20 123.36 118.03 127.94 121.77 110.09 99.87 107.45 105.80 127.01 114.54 94.12 72.44 93.48 86.76 121.26 99.54 100.42 96.59 108.50 95.64 106.59 123.76 110.72 108.70 129.16 139.93 110.09 90.59 110.94 129.30 130.56 119.87 127.35 125.90 115.29 102.74 135.85 119.04 134.47 119.05 133.28 132.84 137.14 130.40 132.94 138.48 124.27 123.63 130.63 128.44 114.18 133.53
97.14 95.84 100.51 125.10 127.31 138.66 137.13 132.74 116.42 104.73 84.01 53.56 94.91 96.05 88.48 60.56 62.87 121.12 133.13 135.95 130.71 137.98 124.86 120.64 112.24 108.90 114.28 112.96 121.40 120.81 111.79 128.76 119.71 91.41 96.37 96.44 95.16 96.86 123.07 94.15 115.90 99.78 105.90 105.11 123.04 124.01 97.39 129.20 136.29 139.25 134.52 134.98 136.23 92.57 130.30 117.29 107.70 127.23 115.60 140.82 138.35 137.70 121.09 118.76 131.23 76.22 107.65 97.21 137.85 112.73 131.55 126.19
108.51 113.52 137.94 81.52 130.66 119.71 130.68 139.69 128.52 120.25 124.31 94.10 98.53 110.08 113.82 102.38 127.34 95.82 131.89 133.65 132.36 130.68 124.00 121.05 112.70 120.52 125.99 112.91 126.91 126.33 132.21 133.70 120.27 114.77 77.17 89.26 126.24 93.88 57.54 99.90 79.41 96.10 92.08 90.51 97.11 57.33 117.84 133.24 136.68 138.53 133.23 131.17 137.55 121.37 132.49 140.27 115.21 134.65 112.45 128.22 136.33 127.50 134.34 108.48 136.55 130.42 128.08 101.92 131.58 129.84 135.36 135.52
136.09 133.00 141.76 112.98 85.79 84.44 133.91 139.54 135.15 140.48 129.97 105.40 93.94 122.12 93.66 128.98 98.46 64.53 108.15 122.02 93.64 119.00 127.88 126.38 134.22 121.73 131.02 110.68 96.74 100.01 125.98 108.62 115.26 97.51 93.18 45.81 65.68 64.18 55.17 88.09 55.32 98.25 126.80 123.23 120.53 138.75 117.19 106.20 107.65 114.94 72.40 121.41 72.89 77.27 137.94 132.22 71.04 139.65 139.25 138.79 139.09 118.59 134.13 116.77 138.07 133.15 105.39 118.91 146.50 141.22 139.61 135.89
49.10 127.90 124.26 136.24 133.07 130.19 72.92 127.71 121.17 128.61 136.77 125.64 98.66 121.80 132.32 101.04 100.44 135.74 125.20 103.52 121.30 66.77 131.37 139.62 135.60 127.45 108.34 111.13 127.70 122.32 95.98 99.53 95.85 116.87 124.97 117.01 44.71 58.75 55.29 124.97 136.41 108.31 125.28 112.63 131.58 110.61 107.57 128.91 108.36 130.24 139.38 145.70 137.50 139.81 138.86 139.37 130.60 117.18 109.44 113.73 131.21 105.27 102.98 65.96 106.77 136.37 136.60 122.17 89.22 125.48 130.82 139.20
57.29 86.02 55.54 128.56 138.52 131.66 114.67 89.53 55.88 98.94 135.53 123.28 130.19 93.63 133.47 127.13 104.42 90.04 116.24 125.14 133.33 112.62 116.59 123.58 131.08 130.52 121.04 129.68 115.15 116.22 113.29 116.66 94.63 121.44 124.77 121.12 76.20 42.09 56.10 117.44 99.00 73.40 109.77 92.84 114.69 131.46 132.84 120.77 133.45 127.34 136.07 141.35 139.18 122.15 138.94 131.53 134.01 135.18 131.15 120.11 120.42 132.59 135.73 137.87 136.45 87.01 51.94 88.41 95.37 50.44 45.61 115.57
103.24 131.70 88.83 114.58 130.87 136.07 137.05 125.88 124.46 51.91 124.36 130.03 129.45 96.15 124.06 129.55 130.06 104.97 126.18 135.48 127.53 119.71 131.12 93.73 123.88 139.05 139.25 133.83 123.19 122.37 118.12 118.77 129.64 129.91 113.23 130.45 133.07 123.12 40.56 63.02 77.74 74.96 66.09 112.17 130.11 140.52 133.27 133.00 118.73 118.49 129.24 135.91 136.02 129.41 118.08 113.19 73.75 128.60 136.09 129.04 102.97 58.60 101.01 94.24 49.35 109.45 114.33 121.31 138.38 134.47 131.75 50.03
115.07 131.72 123.11 74.96 131.28 121.36 135.31 127.09 130.40 121.88 89.71 57.83 132.92 119.16 102.72 106.97 90.28 108.92 114.91 137.22 133.85 134.46 129.12 108.61 93.83 113.65 130.98 135.17 136.01 127.08 123.87 132.11 128.25 131.64 62.16 54.15 118.29 69.77 66.09 39.65 67.77 71.27 68.83 120.33 137.02 117.66 127.15 122.13 123.65 136.71 135.89 131.71 134.79 98.74 66.17 136.85 131.48 123.08 130.94 116.26 92.75 116.23 119.94 85.43 114.21 140.16 134.03 132.11 141.76 134.46 138.13 144.09
134.71 125.70 120.95 60.37 52.31 114.79 129.38 132.18 125.40 127.43 132.44 122.41 86.06 129.56 120.09 129.73 118.25 109.51 103.76 133.97 124.42 141.53 132.81 120.65 130.98 95.90 103.54 133.38 139.87 134.38 141.79 136.98 124.79 123.01 87.33 95.72 61.41 62.60 62.31 60.21 38.56 67.21 70.70 74.99 126.11 116.25 125.81 129.81 91.00 84.24 58.71 110.87 106.99 125.00 129.12 132.27 135.15 131.95 111.41 87.73 134.15 118.66 133.51 102.29 142.47 111.26 135.94 127.47 143.16 136.92 142.91 103.20
127.15 128.34 118.15 98.45 57.97 114.62 124.55 131.82 122.00 120.76 130.94 124.44 58.85 133.71 119.94 135.42 132.96 128.19 115.52 113.16 118.26 137.25 138.03 115.17 128.98 120.80 98.75 57.67 133.67 132.13 134.18 138.73 136.89 114.39 99.49 91.39 60.00 58.80 59.61 62.10 61.12 37.84 67.96 73.92 69.28 88.77 101.30 99.85 125.98 121.09 96.81 100.00 119.76 137.52 141.24 140.73 128.39 131.31 102.79 108.67 137.78 112.02 137.93 82.33 145.21 124.90 138.51 137.97 138.14 62.05 94.73 120.51
132.61 140.07 128.78 102.20 84.12 94.69 118.64 127.05 99.59 109.84 116.58 116.74 59.55 109.36 128.75 134.20 137.25 134.56 136.97 128.10 101.45 126.95 137.46 140.70 131.35 127.36 130.35 67.37 96.94 101.19 82.72 123.38 130.51 103.43 107.42 96.66 89.07 135.57 134.48 123.57 69.70 65.04 37.35 68.29 68.93 59.99 91.40 139.17 128.59 140.43 137.72 113.36 122.88 114.71 72.43 134.28 135.31 122.71 114.08 114.57 143.63 126.02 133.86 104.26 98.45 132.29 143.10 132.28 97.75 114.04 115.86 141.06
141.61 133.07 131.95 103.80 117.55 108.27 97.25 65.43 118.89 117.90 114.48 103.15 61.06 121.00 131.13 128.43 136.38 127.19 136.84 136.23 123.68 94.87 138.31 136.87 137.70 130.70 129.81 137.14 137.20 93.64 127.07 97.32 89.17 125.32 111.12 95.02 118.70 140.79 138.67 131.44 118.26 68.70 65.29 36.99 63.16 59.85 121.51 135.52 122.43 132.66 138.85 131.18 135.17 133.22 115.68 124.59 143.74 128.85 137.36 113.75 140.30 137.77 117.59 131.13 111.10 144.13 142.63 78.97 88.21 117.10 137.82 137.62
123.02 72.11 81.06 132.84 133.86 131.53 130.95 134.32 129.58 119.90 120.61 110.86 122.91 59.66 75.61 128.30 119.08 130.07 134.77 141.93 137.06 66.76 101.88 127.35 136.03 134.44 125.01 132.74 130.48 117.97 134.04 125.93 131.57 130.86 130.63 103.29 128.20 101.75 132.99 138.37 122.97 83.29 95.95 69.81 36.42 60.52 127.87 110.70 120.50 131.91 137.71 143.02 142.77 128.21 138.48 116.21 142.20 139.42 134.53 75.31 134.47 138.27 142.66 128.84 68.84 136.75 123.15 114.27 136.06 122.81 140.05 135.13
116.72 104.51 61.64 133.36 135.48 140.85 137.37 141.21 131.37 122.89 124.32 129.69 126.95 70.30 69.04 112.70 114.36 130.88 131.49 138.79 134.37 140.66 136.43 102.47 133.20 135.09 130.98 126.22 113.89 139.45 136.07 136.65 134.37 133.33 121.16 109.47 106.60 119.40 131.31 124.79 115.42 125.76 127.92 108.78 69.32 77.60 106.71 117.60 115.09 133.16 139.49 145.23 132.92 139.55 136.48 71.36 101.93 135.36 138.49 128.81 140.94 133.37 131.59 135.79 115.36 137.08 141.62 104.36 142.38 129.97 138.20 113.86
129.36 122.29 103.89 105.98 129.43 115.90 140.68 134.62 127.81 136.23 135.17 131.49 129.40 74.44 94.44 124.97 100.21 121.84 129.44 135.31 133.39 141.09 134.30 105.75 122.72 125.32 131.31 138.13 132.51 139.09 134.46 142.08 140.18 135.80 121.12 130.50 127.58 116.47 135.53 129.14 121.20 127.31 132.95 129.08 116.56 126.73 60.87 106.43 121.84 129.64 138.74 121.92 127.80 140.90 139.50 128.89 123.76 96.73 107.65 133.25 133.46 125.83 139.60 138.51 125.12 130.05 142.30 115.60 131.19 136.68 121.09 130.48
137.72 139.68 113.70 107.13 108.51 66.73 101.09 71.89 76.19 133.51 138.64 143.05 130.10 128.77 140.88 129.53 92.91 52.50 52.21 51.91 79.94 126.60 50.46 82.70 90.77 78.41 117.79 125.73 136.10 117.23 126.32 126.89 132.97 126.16 140.47 136.39 141.13 139.16 128.77 130.97 136.32 140.32 143.00 141.15 144.22 143.38 139.30 42.94 133.91 112.41 117.44 130.00 131.04 132.78 137.75 141.54 143.63 126.44 63.58 110.76 103.54 129.88 130.92 139.97 139.66 124.91 139.17 141.23 140.56 141.92 140.75 126.78
130.66 138.62 120.30 122.34 130.24 127.96 119.46 104.78 118.99 125.35 130.90 134.90 133.09 141.21 140.49 122.39 97.21 126.87 127.51 122.62 108.62 80.87 122.01 105.69 130.16 96.78 48.58 73.53 108.72 93.30 131.62 141.15 128.53 134.24 123.61 141.79 137.56 142.18 141.72 142.63 133.36 117.22 135.01 142.40 137.78 141.85 140.06 38.23 47.17 126.98 136.35 140.36 126.05 120.75 108.75 129.87 140.92 134.67 145.03 139.80 55.02 124.45 135.37 141.44 140.14 127.51 133.33 135.56 136.70 138.51 136.22 129.97
130.27 131.28 129.37 141.53 130.97 132.28 129.78 123.08 113.49 102.88 120.09 134.63 131.27 141.69 130.07 82.45 142.18 137.46 137.87 127.02 125.35 113.30 126.75 128.09 133.23 127.36 118.00 125.38 48.01 43.06 117.54 134.92 142.95 143.63 121.53 138.28 120.57 122.76 131.00 135.39 138.75 139.05 126.25 133.97 128.21 129.63 96.16 104.05 42.71 136.12 143.71 125.44 128.80 112.61 139.61 122.74 132.81 133.94 125.68 143.23 124.62 105.05 134.48 128.34 133.41 136.89 124.40 128.00 130.84 132.02 128.01 123.97
96.78 62.15 100.68 147.49 139.46 113.82 107.55 95.86 119.67 88.35 104.82 114.81 132.69 105.17 50.57 112.36 101.64 140.24 143.29 132.29 120.14 124.74 129.03 132.36 141.11 134.22 139.72 124.68 113.54 127.98 47.51 74.94 110.81 125.63 125.38 102.22 46.40 85.10 80.24 46.00 45.90 45.77 80.75 84.44 43.92 79.01 81.64 49.93 38.02 127.38 137.29 118.56 109.26 134.39 135.72 145.69 129.45 137.42 117.72 140.83 127.83 60.40 96.95 126.45 133.61 132.44 116.07 122.24 127.77 128.32 123.72 118.85
128.42 90.24 106.33 138.11 136.40 140.39 121.42 131.92 127.70 115.45 60.03 96.13 89.80 87.05 111.10 102.46 122.32 129.67 140.53 135.42 116.53 139.40 136.13 114.94 70.35 112.20 115.46 129.13 137.83 134.75 119.33 126.83 47.20 49.74 49.50 41.97 127.19 137.21 133.03 128.76 118.00 120.95 114.19 98.15 51.57 40.58 54.26 36.04 70.93 75.53 123.23 99.34 109.20 131.49 130.18 144.01 139.20 143.63 121.75 144.12 138.18 143.21 133.53 95.77 129.76 123.54 129.02 117.72 125.26 125.51 121.70 114.31
129.26 101.53 116.02 105.22 68.33 71.56 128.42 139.29 122.19 113.66 118.15 137.74 120.19 125.65 128.31 108.65 137.65 115.65 110.20 135.09 135.24 138.66 139.86 129.55 138.14 130.59 112.99 106.83 131.32 140.72 139.32 135.07 121.34 114.44 49.30 135.13 123.71 138.62 138.92 136.53 138.54 134.98 130.66 141.82 126.03 133.76 37.35 133.01 127.77 106.41 115.77 120.04 93.45 116.67 123.57 129.69 133.58 130.67 118.83 139.18 140.59 141.75 145.68 139.53 108.99 115.59 118.89 114.68 122.08 121.30 112.54 120.18
140.90 123.41 101.66 135.26 126.13 115.60 116.12 144.28 128.20 137.15 74.83 123.93 120.29 138.38 130.92 110.33 136.13 142.38 130.54 134.38 126.32 138.35 131.41 131.92 140.19 136.68 130.74 91.73 95.01 113.10 136.24 140.07 132.45 122.26 139.31 139.39 128.62 134.50 142.25 138.37 138.10 140.67 132.18 138.37 141.00 132.73 73.54 142.83 140.89 128.59 144.04 135.55 129.05 59.28 89.43 123.70 116.94 104.89 113.75 123.31 128.01 133.15 131.32 117.31 117.37 106.91 114.20 110.92 118.60 113.92 121.77 111.43
130.47 108.71 72.88 138.17 127.83 137.48 135.49 136.27 135.82 135.20 109.02 127.92 130.57 135.51 115.84 127.69 126.29 141.96 141.53 136.24 113.65 133.81 140.98 128.38 111.52 140.88 138.00 123.29 139.14 92.26 132.92 141.61 136.89 120.67 133.98 123.18 136.32 136.44 130.30 135.61 137.88 144.94 133.78 144.30 138.64 130.10 60.87 134.90 144.22 143.65 130.10 140.26 140.48 117.70 127.87 87.34 103.80 138.47 111.39 117.75 111.89 117.36 113.35 106.11 112.77 110.67 112.79 111.29 112.89 118.69 116.55 46.61
