Data/ASC_file/zhimenda_VadoseZoneDepth.asc
ncols           679
          nrows           333
          xllcorner      90.54720
          yllcorner      32.43537
          cellsize        0.01000
        NODATA_value  -9999.00000
[rows 124 to 154 of 333, columns 284 to 354 of 679]
740.93 857.71 831.41 913.77 786.47 885.35 885.00 977.82 991.55 910.12 355.96 937.77 879.72 977.26 1003.78 966.74 957.18 1002.82 957.63 864.02 733.79 499.26 783.27 905.50 886.72 782.06 832.50 839.30 762.13 849.11 751.15 777.65 860.57 868.59 970.05 885.87 969.07 975.04 944.23 899.76 889.42 898.80 956.37 840.84 974.60 994.04 843.15 857.39 914.51 883.38 998.97 917.51 899.23 918.62 850.71 881.99 931.19 853.87 815.69 702.98 858.20 882.92 562.80 396.01 33.71 521.27 645.03 832.52 707.15 721.64 477.45
918.89 849.01 891.50 956.11 509.26 725.91 461.17 688.01 460.41 394.41 534.17 390.73 483.19 916.87 958.08 928.69 881.51 917.99 955.27 937.24 955.71 884.89 907.46 995.68 965.01 908.64 881.34 910.26 842.07 659.00 701.41 597.74 834.82 920.73 925.16 926.26 882.09 926.51 991.13 948.12 955.34 945.54 813.39 965.80 907.28 935.05 867.71 940.54 966.10 955.73 920.02 972.62 975.23 921.09 908.48 932.35 970.30 908.27 705.30 880.74 792.65 850.33 345.17 33.30 505.95 783.35 955.34 873.72 846.45 801.89 781.60
935.14 971.73 953.63 994.32 948.42 855.50 823.97 809.18 435.77 885.40 872.89 848.44 414.00 711.55 903.30 841.50 756.58 837.53 901.15 911.15 853.93 953.97 985.81 1010.14 1049.04 968.81 917.24 823.50 725.15 892.45 874.37 526.53 882.04 929.53 871.82 904.30 810.52 883.38 925.14 906.89 928.30 959.32 962.09 916.22 924.62 966.23 882.28 943.03 928.64 987.94 893.14 980.51 992.16 981.59 992.54 976.27 986.97 912.72 990.75 894.66 786.11 293.71 33.21 482.77 805.27 892.52 938.07 907.12 899.60 853.99 822.17
957.92 988.11 1009.43 990.44 995.64 883.11 950.90 928.42 877.08 995.17 939.36 883.09 844.66 753.69 640.99 737.61 743.45 669.95 421.57 608.19 375.72 902.03 948.64 943.12 907.83 1042.84 979.35 866.42 904.02 917.89 924.00 633.61 930.33 878.03 945.53 885.19 504.59 837.67 779.14 830.08 858.39 918.90 929.59 828.65 866.78 920.42 905.59 890.15 902.49 919.00 871.53 919.21 950.10 928.25 967.65 956.14 969.07 923.37 928.80 904.08 242.04 33.86 466.06 514.70 953.49 825.22 933.06 942.37 954.69 869.64 820.11
923.38 947.03 982.48 911.62 933.83 953.44 982.04 967.22 946.55 974.49 948.61 926.76 895.00 942.86 813.41 897.64 804.24 727.96 824.44 844.87 816.70 402.91 688.73 645.22 889.41 1000.52 1024.48 1035.32 945.96 980.13 956.50 903.38 602.72 755.79 927.26 979.22 762.00 733.77 945.23 770.90 492.66 721.54 906.08 807.89 806.17 879.63 863.49 863.27 904.63 899.82 853.19 885.37 862.25 858.58 926.59 893.66 931.86 844.01 794.16 189.94 35.09 444.76 488.90 880.26 985.00 894.87 963.32 1011.97 994.82 961.78 922.70
860.12 908.14 948.84 773.71 897.89 974.99 1025.94 998.58 999.30 922.07 990.87 983.95 1025.17 956.58 834.09 804.14 761.79 856.94 894.88 883.82 877.02 832.77 930.51 359.22 847.39 966.14 907.04 961.73 1018.21 993.28 916.46 930.67 994.19 571.10 869.76 971.23 717.92 913.54 970.12 971.13 939.29 963.13 810.93 774.35 735.16 835.79 817.30 837.17 891.41 814.67 802.92 825.38 817.96 978.96 992.54 872.74 924.73 535.88 137.75 38.93 461.61 444.38 804.78 971.24 905.29 957.83 905.75 940.10 958.95 976.92 781.41
818.85 877.68 767.97 699.93 915.68 973.58 902.23 954.57 892.41 970.11 1006.92 1002.24 982.97 932.80 828.87 758.86 861.39 908.94 909.44 969.31 899.63 947.08 893.94 772.47 405.28 362.51 950.46 834.38 1000.30 974.12 715.94 862.26 918.78 831.77 694.87 931.04 699.58 924.70 886.92 866.95 883.10 904.99 874.16 708.95 778.66 855.70 798.66 800.10 844.55 748.65 802.69 804.03 787.01 810.12 875.81 727.58 772.19 85.31 52.63 508.62 503.22 437.26 722.87 680.20 623.67 402.90 665.31 802.54 891.22 908.50 663.69
814.91 603.68 688.54 711.37 773.44 450.15 781.16 809.08 855.51 858.00 938.67 920.09 906.01 826.42 647.20 883.97 898.87 985.31 906.18 1009.39 1018.06 987.04 988.61 772.61 458.21 412.04 334.89 866.35 919.50 870.12 939.34 881.58 882.91 843.90 616.66 748.83 693.22 942.04 905.26 858.27 881.84 907.37 902.09 743.91 799.06 868.74 821.95 803.82 818.51 767.75 751.00 718.86 92.59 68.98 66.71 66.24 33.34 739.64 721.02 713.19 598.69 705.87 767.58 948.57 896.49 878.84 904.58 661.26 677.00 420.49 832.05
679.62 776.73 965.70 802.92 903.10 862.00 841.35 844.50 921.87 941.34 1000.33 1006.88 916.60 854.65 898.48 1028.26 959.92 909.24 919.08 952.49 956.20 976.57 835.54 732.40 907.85 1023.79 993.32 350.23 349.01 621.04 660.55 564.04 553.51 858.41 768.78 641.26 571.20 321.83 522.98 562.59 546.02 475.38 313.42 525.49 523.44 571.91 572.01 436.09 744.80 607.03 613.59 556.49 293.95 368.48 899.07 857.03 963.88 948.55 860.77 785.88 925.45 968.31 991.06 862.18 967.05 922.48 968.76 961.75 977.70 897.75 960.13
749.39 805.15 822.82 525.53 949.51 954.11 939.02 933.05 934.09 887.15 956.39 1021.28 946.15 1002.95 877.72 957.20 491.73 722.55 754.29 716.27 763.62 852.28 664.68 899.20 737.11 961.95 647.22 818.45 1002.09 966.49 933.81 767.76 353.40 617.54 605.71 630.28 659.27 850.49 826.95 772.68 720.54 736.92 887.53 801.22 801.42 810.70 520.90 710.47 556.58 536.49 534.09 194.04 215.05 842.03 911.48 938.12 906.01 944.11 946.54 875.23 674.81 487.36 501.10 786.39 884.65 931.98 942.25 949.39 958.80 924.48 982.13
896.35 873.58 972.57 904.43 911.22 949.70 987.90 955.90 863.08 994.61 999.29 1017.32 984.97 1017.61 932.59 822.81 810.56 876.72 967.52 930.95 967.32 713.60 937.31 885.65 808.05 383.64 534.52 932.89 1050.61 1014.38 997.30 964.68 993.09 958.72 897.13 843.32 990.39 893.62 823.16 758.63 768.13 811.91 914.03 816.46 799.25 816.41 816.08 876.51 731.93 612.40 478.66 611.26 86.30 838.47 874.45 874.97 517.89 890.52 925.63 948.81 937.17 947.12 881.90 929.65 883.78 884.28 817.32 907.12 836.94 782.52 910.27
862.78 926.97 763.85 875.02 996.39 942.35 889.41 885.73 819.15 924.73 986.26 919.30 991.15 1017.45 901.65 937.71 979.15 969.42 886.76 843.31 769.83 931.13 834.65 680.34 401.14 508.89 849.00 1028.18 904.99 927.54 1017.34 1002.66 1037.46 1010.99 930.45 898.27 987.78 836.81 853.39 765.36 820.71 825.44 890.10 794.39 776.15 785.50 708.03 935.62 744.64 490.08 480.92 433.43 207.90 869.39 815.43 751.28 185.20 453.59 870.99 946.18 920.27 937.09 954.11 792.52 874.60 830.51 775.95 919.00 930.07 975.82 933.63
863.72 867.36 473.56 720.93 954.56 865.71 887.76 908.06 848.15 965.56 874.70 896.47 968.77 1004.12 944.09 995.96 1017.63 940.71 927.98 859.57 948.50 961.28 937.96 708.84 900.66 556.90 489.75 936.99 833.85 914.50 884.98 931.52 976.46 983.06 939.80 1006.31 829.87 957.06 831.62 808.17 863.39 874.22 900.34 772.22 780.42 911.65 769.48 718.70 726.24 892.38 561.22 417.22 266.84 456.29 422.26 236.39 633.82 702.32 370.86 222.80 502.40 611.54 858.77 234.49 359.44 499.19 741.73 947.36 995.96 861.23 894.53
524.16 843.41 516.90 795.28 789.92 788.01 822.12 876.32 830.04 783.67 864.65 897.18 935.62 1000.62 1046.61 924.37 1027.62 999.94 936.51 989.19 978.25 990.70 896.31 620.20 962.01 939.39 846.00 840.15 704.87 783.07 832.68 809.45 862.34 919.92 966.42 913.72 934.39 449.48 910.72 911.46 954.88 907.89 881.63 798.80 880.18 905.51 834.74 750.19 894.16 889.63 488.92 309.17 253.52 672.17 421.31 707.28 879.27 775.26 583.92 523.73 450.88 239.62 437.13 239.90 242.12 309.54 687.39 913.77 799.52 794.07 828.62
374.20 422.13 754.42 676.67 756.49 807.37 824.83 845.84 828.03 769.34 862.85 905.64 954.66 991.58 929.69 951.77 966.33 889.57 942.07 945.33 967.41 916.95 844.78 847.34 816.00 977.90 921.94 819.32 971.71 744.84 751.72 914.74 1011.70 982.74 930.49 805.15 947.64 778.96 738.92 972.04 997.32 962.70 819.02 873.64 929.92 978.80 832.47 880.62 951.07 434.41 246.55 304.82 640.28 742.15 783.11 759.60 858.41 959.48 863.34 782.03 740.47 576.28 780.25 743.57 883.59 198.20 258.00 747.16 755.53 785.51 820.14
398.54 412.51 897.78 797.53 785.79 785.18 842.64 881.74 718.78 770.85 847.00 886.63 961.65 878.49 917.29 964.11 900.15 948.58 863.43 905.30 936.28 828.19 919.40 874.38 921.30 957.85 976.09 1017.70 926.07 775.61 714.95 961.98 904.88 1005.18 954.27 805.56 987.40 975.45 879.81 941.52 1002.94 926.88 706.07 954.61 973.53 977.81 857.79 921.40 932.33 402.06 376.78 449.19 710.22 760.49 737.47 765.07 800.97 954.17 909.55 881.94 730.04 681.66 713.84 727.64 861.76 834.54 438.94 626.40 800.04 801.89 839.64
406.80 420.61 460.48 364.77 785.85 832.02 867.40 732.64 730.69 799.69 860.33 920.56 829.96 869.64 945.06 930.88 932.41 932.41 895.78 803.27 800.03 734.20 497.07 858.23 952.13 1000.42 977.87 1044.62 894.73 789.01 634.38 898.66 859.74 941.08 950.65 822.14 858.53 967.49 1001.66 859.65 811.99 475.36 681.45 931.81 1032.36 969.41 920.77 983.87 893.85 386.71 918.79 903.59 858.65 815.41 759.68 814.56 726.37 857.05 908.08 810.27 740.26 736.74 757.85 688.91 814.15 769.78 865.31 187.80 599.19 786.24 792.05
414.22 409.55 315.72 388.02 581.29 857.98 637.47 596.51 769.91 863.14 908.97 839.90 850.37 885.34 955.36 912.22 916.77 891.26 793.90 472.00 766.18 946.43 853.59 964.77 830.35 864.22 1023.13 829.25 801.17 768.60 422.82 405.48 420.41 383.29 953.33 639.25 636.56 955.03 1004.59 968.15 978.59 923.53 978.96 901.17 930.88 961.89 1018.15 1023.25 916.12 68.76 475.90 899.87 940.84 900.19 784.73 851.33 798.95 818.14 898.66 847.03 896.41 753.11 779.74 681.22 767.05 776.36 852.31 784.25 385.17 464.62 220.56
401.81 291.09 415.53 783.19 774.32 515.19 538.94 682.89 613.87 372.88 375.08 723.59 763.16 841.89 867.63 733.60 754.41 737.88 850.47 753.53 1013.92 952.62 971.98 1005.10 988.83 870.50 843.84 876.73 951.63 984.56 967.53 936.22 842.96 444.41 361.13 805.34 928.55 668.30 915.22 858.46 936.65 924.44 856.57 996.29 940.97 984.49 910.26 879.31 35.86 988.12 1029.26 864.05 1005.49 922.80 875.67 1036.40 866.87 874.33 889.04 942.40 802.10 864.68 856.03 762.38 739.02 843.83 881.33 850.45 938.14 931.77 657.20
332.61 804.47 853.01 852.98 829.40 828.35 790.08 901.33 857.07 854.05 870.44 548.26 412.13 429.46 414.67 401.03 640.38 685.09 437.60 815.55 977.80 797.87 926.59 987.73 938.81 972.72 957.86 968.13 981.72 908.01 922.76 950.59 866.58 965.15 852.24 968.93 983.66 601.76 683.32 891.96 914.66 920.70 854.46 853.99 940.63 1038.81 770.91 341.78 87.92 848.17 1030.91 839.09 952.88 946.00 936.65 749.38 970.72 1025.39 879.96 922.57 809.40 800.36 758.25 834.54 707.38 771.97 847.40 869.59 943.31 891.16 709.55
295.89 954.92 928.23 914.94 930.51 873.25 812.11 978.23 945.58 951.68 921.87 674.83 389.38 461.01 969.48 827.22 857.81 748.30 804.42 793.21 797.60 746.80 863.39 694.21 842.91 1001.97 932.06 771.69 996.71 927.32 846.15 810.93 929.46 916.98 783.90 423.10 848.91 948.15 397.86 351.34 816.19 446.38 432.81 374.95 846.38 958.88 35.88 795.06 1001.91 904.79 847.53 969.54 907.07 988.72 971.00 709.97 1013.85 926.58 971.84 923.73 828.02 885.41 927.00 871.39 733.09 760.53 869.75 881.74 852.62 584.14 927.98
917.12 1022.88 990.55 1004.76 959.37 887.76 896.50 937.32 964.35 965.89 939.98 866.77 912.79 843.12 967.88 992.55 972.02 918.65 937.92 886.68 498.66 931.04 776.05 961.67 885.91 922.88 947.10 506.70 946.70 992.29 921.19 506.23 790.00 795.91 777.61 792.33 721.88 686.46 475.83 430.86 399.93 426.05 433.21 421.54 373.02 35.88 788.57 963.47 1003.76 1019.74 924.38 845.65 919.02 1020.25 996.06 805.97 769.62 915.80 979.06 895.33 877.38 983.59 906.34 875.25 797.64 777.57 872.61 901.21 818.04 562.71 909.23
992.76 935.57 995.81 945.47 951.67 897.43 939.50 897.89 941.08 980.69 1012.36 1014.86 968.03 889.31 510.42 833.37 958.77 948.57 918.88 902.98 728.54 659.31 784.56 974.75 994.97 979.25 926.47 801.84 912.08 990.03 1006.35 1019.37 967.81 880.22 896.84 983.58 989.94 913.82 813.67 493.58 459.12 443.14 448.60 436.02 36.35 274.94 984.00 979.86 1019.92 1058.57 1052.25 999.68 997.32 1017.32 952.30 836.59 836.48 994.05 975.46 907.00 957.14 970.24 894.70 891.96 776.11 893.57 910.14 834.56 678.84 726.10 727.01
554.18 866.00 954.66 914.76 927.28 917.80 959.09 838.05 892.96 945.73 907.82 968.85 988.58 948.33 484.00 887.45 929.99 995.76 944.00 807.73 674.51 962.32 826.36 871.56 958.07 966.84 940.89 852.04 787.33 933.00 880.91 1015.43 992.35 909.48 982.68 992.76 785.70 721.59 926.50 928.60 1015.47 909.52 488.57 37.86 244.15 433.13 921.85 907.38 994.19 942.88 1008.57 960.68 982.15 958.52 973.98 982.12 920.92 1028.26 994.02 1017.58 1004.64 871.20 809.48 761.27 881.80 936.69 904.61 755.34 731.12 777.36 819.69
613.96 299.78 903.82 809.97 890.74 900.55 920.87 774.76 826.26 823.82 864.78 938.84 985.78 980.06 472.98 978.65 940.75 940.69 872.38 818.31 742.51 961.57 957.15 855.72 844.66 955.49 919.49 839.87 887.01 871.21 920.19 960.59 939.55 883.34 811.95 999.20 850.38 934.34 974.87 982.49 980.64 881.81 41.71 192.56 444.63 604.20 697.99 672.30 406.94 877.43 884.85 866.76 903.24 951.73 851.09 971.40 1009.07 880.85 922.29 988.18 991.59 824.88 988.11 936.80 968.82 952.36 877.49 803.20 885.23 808.58 818.20
946.10 311.45 827.41 980.32 859.00 819.27 887.29 711.48 808.01 763.37 846.74 890.64 963.93 993.79 817.18 928.14 912.56 870.50 857.98 711.42 805.63 943.35 864.13 843.99 839.54 950.46 821.94 826.04 814.84 890.59 896.67 936.66 935.52 975.34 768.13 978.05 950.67 1003.39 1005.14 1001.20 919.69 55.88 140.99 480.67 438.20 820.11 967.40 991.42 932.54 661.04 716.93 943.42 924.69 814.52 1034.87 963.66 975.62 966.13 904.78 798.58 757.87 989.60 1015.94 1019.82 995.25 936.04 850.97 940.37 850.69 821.15 809.78
917.97 278.62 344.08 474.29 877.82 968.03 866.58 937.83 787.00 683.68 829.48 849.05 911.72 889.35 703.22 809.78 882.98 852.41 743.41 763.87 847.59 924.82 839.21 782.15 824.60 888.04 720.66 779.70 783.01 858.38 866.49 867.60 881.99 908.97 768.97 952.79 976.04 973.29 922.29 953.61 811.21 88.33 522.30 526.78 433.82 824.09 1015.64 957.63 976.97 913.76 999.39 671.80 432.79 1011.08 1002.08 914.00 954.33 1000.85 525.59 798.84 985.48 958.99 944.28 986.54 1013.33 838.97 785.34 917.60 890.59 885.85 936.61
919.41 286.43 198.98 849.92 896.21 969.61 283.42 265.48 257.52 252.77 250.25 248.44 247.62 246.14 245.06 244.66 191.90 752.72 745.39 800.27 756.84 857.61 806.13 865.64 979.73 883.89 940.97 758.81 717.08 783.62 854.14 850.81 836.08 764.90 845.72 952.23 1008.77 985.58 925.13 865.58 35.89 480.09 574.24 557.90 491.01 397.62 865.11 934.84 986.78 968.68 1059.68 1044.83 935.57 753.60 460.98 472.97 844.27 1014.58 966.68 939.76 484.48 687.23 690.97 913.38 1014.19 895.65 923.86 975.45 931.12 925.77 929.09
233.85 244.15 232.13 207.64 214.19 231.37 242.58 245.32 245.81 245.40 245.26 244.88 244.99 244.20 243.64 243.54 229.52 205.28 213.73 217.62 220.42 222.26 224.13 224.85 173.66 845.44 256.02 243.04 238.41 236.39 235.23 235.04 235.33 234.84 234.97 234.98 235.50 235.81 209.78 36.15 437.48 596.03 594.66 589.38 537.01 463.95 479.63 699.47 910.25 833.95 914.58 993.71 1047.71 989.66 987.13 1006.29 795.89 864.36 1011.45 1019.20 992.41 983.12 928.67 468.88 425.14 602.75 591.76 1017.36 959.72 998.20 948.13
223.17 227.76 231.72 231.88 224.76 224.31 228.28 232.72 235.89 237.79 239.42 240.33 241.32 241.15 241.05 241.37 241.43 237.79 227.85 226.19 226.48 226.94 227.99 228.15 215.09 203.73 224.99 230.97 233.02 233.90 234.19 234.83 235.66 235.54 235.86 235.96 236.53 218.07 38.75 387.98 859.37 958.58 1013.19 924.76 955.10 486.70 833.79 897.03 703.45 466.68 904.53 964.53 1039.14 1041.00 1023.79 1029.21 969.26 935.92 939.78 982.94 876.11 523.34 519.10 535.46 496.55 400.98 540.70 855.97 892.10 980.42 612.06
229.92 230.93 231.97 233.98 234.90 233.90 233.19 233.95 235.33 236.35 237.62 238.21 239.04 238.83 238.98 239.59 239.93 240.38 239.97 236.98 235.63 234.86 235.03 234.54 234.68 230.38 224.71 228.44 231.49 233.60 234.84 236.14 237.42 237.62 238.17 238.42 220.57 41.89 386.52 389.80 983.42 998.91 984.63 993.65 984.51 928.02 722.85 497.25 963.98 782.04 804.44 833.88 1001.85 906.96 964.41 1005.22 918.53 832.52 848.02 779.96 1014.16 993.80 932.20 962.98 540.08 486.62 381.33 951.55 880.58 540.27 345.54
