Data/ASC_file/zhimenda_FlowAccumulationArea.asc
ncols           679
          nrows           333
          xllcorner      90.54720
          yllcorner      32.43537
          cellsize        0.01000
        NODATA_value  -9999.00000
[rows 72 to 107 of 333, columns 81 to 161 of 679]
0.00 0.00 0.00 0.00 0.00 0.00 28.00 29.00 389.00 0.00 3.00 0.00 4.00 22.00 0.00 0.00 2.00 0.00 2.00 6.00 8.00 47.00 48.00 0.00 62.00 1.00 0.00 0.00 6.00 0.00 2.00 1.00 9.00 2.00 345.00 7.00 20.00 8.00 419.00 84.00 3.00 248.00 239.00 0.00 20.00 15.00 1.00 0.00 0.00 4.00 1.00 0.00 1.00 1.00 1.00 0.00 0.00 0.00 0.00 0.00 128.00 0.00 1.00 0.00 8.00 3.00 0.00 0.00 0.00 0.00 0.00 0.00 0.00 1.00 0.00 4.00 5.00 1.00 2.00 20.00 0.00
5.00 0.00 0.00 19.00 20.00 26.00 0.00 0.00 357.00 1.00 0.00 3.00 2.00 13.00 0.00 0.00 0.00 0.00 1.00 4.00 6.00 30.00 1.00 60.00 0.00 0.00 0.00 3.00 1.00 1.00 0.00 1.00 6.00 1.00 344.00 6.00 19.00 7.00 418.00 83.00 2.00 6.00 0.00 237.00 208.00 207.00 205.00 0.00 0.00 0.00 0.00 0.00 0.00 2.00 7.00 1.00 0.00 0.00 2.00 131.00 0.00 123.00 16.00 13.00 2.00 1.00 0.00 2.00 1.00 0.00 0.00 0.00 0.00 0.00 0.00 2.00 4.00 0.00 1.00 0.00 18.00
0.00 7.00 16.00 0.00 3.00 0.00 1.00 354.00 0.00 0.00 2.00 1.00 10.00 0.00 1.00 0.00 0.00 0.00 0.00 0.00 0.00 29.00 0.00 5.00 2.00 0.00 0.00 0.00 0.00 0.00 0.00 0.00 3.00 0.00 343.00 5.00 18.00 6.00 417.00 82.00 1.00 1.00 3.00 0.00 6.00 1.00 0.00 203.00 198.00 195.00 193.00 189.00 176.00 174.00 162.00 142.00 141.00 139.00 137.00 1.00 0.00 6.00 98.00 11.00 10.00 9.00 8.00 7.00 3.00 0.00 2.00 0.00 1.00 0.00 0.00 0.00 2.00 0.00 0.00 3.00 9.00
0.00 2.00 3.00 0.00 0.00 0.00 1.00 347.00 0.00 1.00 0.00 1.00 7.00 0.00 0.00 5.00 8.00 0.00 26.00 27.00 28.00 0.00 3.00 0.00 0.00 0.00 0.00 259.00 0.00 0.00 0.00 0.00 0.00 0.00 342.00 4.00 17.00 5.00 416.00 81.00 0.00 0.00 0.00 0.00 3.00 0.00 0.00 0.00 1.00 1.00 0.00 0.00 10.00 5.00 0.00 18.00 14.00 2.00 1.00 0.00 0.00 5.00 23.00 61.00 5.00 4.00 3.00 2.00 1.00 0.00 26.00 17.00 16.00 13.00 8.00 5.00 0.00 1.00 1.00 0.00 5.00
0.00 0.00 0.00 0.00 0.00 1.00 344.00 0.00 0.00 0.00 0.00 2.00 3.00 0.00 1.00 8.00 9.00 24.00 0.00 0.00 0.00 0.00 0.00 0.00 1.00 254.00 257.00 0.00 263.00 265.00 268.00 0.00 0.00 1.00 340.00 3.00 16.00 4.00 415.00 69.00 10.00 2.00 1.00 0.00 0.00 0.00 0.00 1.00 0.00 0.00 0.00 1.00 1.00 1.00 1.00 2.00 2.00 7.00 5.00 0.00 0.00 3.00 22.00 1.00 52.00 33.00 32.00 31.00 30.00 29.00 0.00 3.00 0.00 2.00 0.00 2.00 0.00 0.00 0.00 1.00 2.00
0.00 0.00 0.00 0.00 0.00 1.00 341.00 0.00 1.00 0.00 1.00 1.00 0.00 0.00 7.00 0.00 4.00 0.00 1.00 3.00 17.00 18.00 19.00 238.00 251.00 0.00 0.00 0.00 0.00 17.00 19.00 290.00 0.00 329.00 7.00 2.00 15.00 3.00 414.00 68.00 6.00 2.00 1.00 0.00 0.00 0.00 5.00 1.00 0.00 0.00 0.00 0.00 0.00 0.00 0.00 1.00 1.00 0.00 2.00 0.00 0.00 1.00 21.00 0.00 1.00 15.00 11.00 8.00 4.00 1.00 0.00 0.00 0.00 1.00 0.00 0.00 0.00 0.00 0.00 0.00 0.00
1.00 1.00 0.00 2.00 0.00 0.00 330.00 6.00 1.00 0.00 0.00 0.00 0.00 3.00 1.00 1.00 0.00 1.00 4.00 9.00 0.00 0.00 217.00 3.00 1.00 5.00 0.00 14.00 16.00 0.00 0.00 1.00 304.00 327.00 6.00 1.00 14.00 2.00 413.00 67.00 0.00 1.00 0.00 3.00 1.00 7.00 0.00 0.00 0.00 3.00 0.00 0.00 0.00 0.00 0.00 0.00 0.00 0.00 0.00 1.00 6.00 9.00 10.00 0.00 0.00 2.00 1.00 2.00 1.00 0.00 0.00 0.00 0.00 0.00 0.00 0.00 1.00 0.00 0.00 0.00 0.00
269.00 272.00 297.00 298.00 305.00 308.00 328.00 1.00 0.00 0.00 0.00 0.00 0.00 0.00 0.00 0.00 0.00 1.00 1.00 1.00 0.00 1.00 213.00 2.00 0.00 4.00 9.00 1.00 0.00 1.00 6.00 9.00 0.00 21.00 5.00 0.00 13.00 1.00 412.00 66.00 61.00 0.00 0.00 40.00 10.00 1.00 0.00 12.00 9.00 3.00 2.00 1.00 5.00 3.00 0.00 0.00 1.00 0.00 0.00 0.00 2.00 1.00 7.00 0.00 0.00 0.00 0.00 0.00 0.00 0.00 4.00 1.00 2.00 0.00 1.00 1.00 2.00 1.00 1.00 1.00 1.00
2.00 19.00 2.00 0.00 0.00 1.00 13.00 4.00 0.00 1.00 2.00 0.00 0.00 0.00 0.00 0.00 0.00 0.00 0.00 0.00 0.00 5.00 206.00 1.00 3.00 0.00 7.00 0.00 0.00 3.00 0.00 0.00 20.00 1.00 2.00 11.00 0.00 0.00 411.00 0.00 2.00 59.00 46.00 4.00 24.00 0.00 15.00 1.00 0.00 0.00 0.00 0.00 8.00 1.00 0.00 4.00 0.00 1.00 0.00 0.00 0.00 0.00 0.00 5.00 0.00 2.00 3.00 7.00 12.00 14.00 25.00 4.00 0.00 0.00 0.00 4.00 3.00 2.00 2.00 2.00 3.00
0.00 15.00 0.00 0.00 0.00 0.00 11.00 1.00 0.00 0.00 5.00 1.00 1.00 0.00 2.00 1.00 0.00 0.00 0.00 0.00 2.00 0.00 205.00 0.00 2.00 3.00 1.00 0.00 2.00 1.00 2.00 19.00 0.00 1.00 9.00 0.00 1.00 407.00 1.00 0.00 1.00 1.00 8.00 0.00 3.00 22.00 2.00 1.00 0.00 0.00 1.00 11.00 0.00 0.00 5.00 0.00 2.00 0.00 0.00 0.00 0.00 0.00 3.00 0.00 0.00 0.00 2.00 2.00 0.00 0.00 27.00 0.00 0.00 2.00 0.00 5.00 4.00 3.00 6.00 0.00 5.00
9.00 3.00 0.00 0.00 2.00 5.00 4.00 0.00 0.00 0.00 7.00 0.00 4.00 0.00 5.00 2.00 1.00 0.00 3.00 4.00 5.00 202.00 1.00 0.00 1.00 2.00 0.00 1.00 0.00 1.00 4.00 15.00 0.00 0.00 7.00 0.00 6.00 404.00 0.00 0.00 0.00 0.00 2.00 3.00 0.00 2.00 2.00 0.00 0.00 3.00 12.00 0.00 0.00 7.00 0.00 6.00 1.00 0.00 2.00 1.00 0.00 0.00 0.00 0.00 0.00 0.00 0.00 0.00 0.00 0.00 0.00 29.00 4.00 1.00 0.00 6.00 5.00 4.00 9.00 0.00 7.00
1.00 1.00 0.00 0.00 1.00 2.00 0.00 1.00 0.00 3.00 0.00 8.00 10.00 24.00 32.00 0.00 4.00 7.00 0.00 1.00 2.00 192.00 1.00 0.00 0.00 0.00 0.00 0.00 0.00 0.00 0.00 9.00 0.00 5.00 0.00 5.00 0.00 393.00 0.00 1.00 0.00 0.00 0.00 0.00 0.00 0.00 0.00 0.00 22.00 16.00 2.00 0.00 9.00 9.00 7.00 0.00 0.00 4.00 0.00 6.00 2.00 0.00 0.00 0.00 1.00 0.00 0.00 0.00 0.00 3.00 1.00 30.00 7.00 0.00 1.00 7.00 11.00 43.00 32.00 30.00 0.00
0.00 0.00 0.00 0.00 0.00 0.00 0.00 0.00 3.00 4.00 4.00 6.00 7.00 0.00 0.00 144.00 147.00 161.00 162.00 0.00 176.00 12.00 0.00 0.00 0.00 0.00 0.00 0.00 0.00 0.00 1.00 6.00 2.00 0.00 4.00 0.00 1.00 8.00 383.00 274.00 0.00 0.00 0.00 0.00 0.00 0.00 0.00 23.00 0.00 0.00 25.00 24.00 13.00 2.00 1.00 0.00 1.00 6.00 7.00 1.00 0.00 0.00 1.00 1.00 2.00 1.00 1.00 1.00 0.00 4.00 33.00 0.00 8.00 1.00 2.00 20.00 46.00 1.00 0.00 0.00 20.00
1.00 0.00 10.00 18.00 0.00 0.00 1.00 2.00 37.00 38.00 44.00 48.00 57.00 0.00 109.00 1.00 0.00 4.00 0.00 168.00 3.00 1.00 10.00 2.00 0.00 0.00 3.00 5.00 1.00 0.00 5.00 0.00 0.00 0.00 2.00 0.00 3.00 1.00 107.00 1.00 268.00 266.00 2.00 0.00 0.00 2.00 0.00 28.00 1.00 26.00 0.00 0.00 0.00 0.00 0.00 1.00 0.00 17.00 2.00 0.00 0.00 0.00 3.00 0.00 5.00 2.00 2.00 2.00 0.00 6.00 34.00 11.00 0.00 2.00 3.00 68.00 1.00 0.00 0.00 0.00 0.00
4.00 7.00 6.00 0.00 20.00 25.00 26.00 33.00 0.00 1.00 2.00 7.00 0.00 102.00 4.00 0.00 1.00 0.00 2.00 0.00 2.00 0.00 4.00 0.00 0.00 0.00 0.00 0.00 7.00 2.00 0.00 0.00 0.00 0.00 0.00 0.00 0.00 0.00 106.00 0.00 0.00 258.00 1.00 0.00 244.00 242.00 194.00 36.00 35.00 34.00 6.00 3.00 1.00 0.00 3.00 0.00 1.00 21.00 0.00 3.00 0.00 0.00 1.00 5.00 0.00 6.00 6.00 3.00 0.00 9.00 47.00 0.00 0.00 3.00 0.00 75.00 0.00 0.00 1.00 2.00 0.00
1.00 4.00 0.00 0.00 2.00 0.00 4.00 0.00 0.00 3.00 6.00 0.00 5.00 42.00 2.00 0.00 0.00 0.00 0.00 0.00 0.00 0.00 1.00 0.00 2.00 0.00 1.00 0.00 0.00 8.00 0.00 2.00 0.00 0.00 0.00 0.00 0.00 1.00 0.00 102.00 0.00 1.00 254.00 247.00 0.00 42.00 0.00 127.00 123.00 119.00 111.00 1.00 0.00 7.00 1.00 0.00 25.00 0.00 1.00 7.00 2.00 0.00 2.00 0.00 6.00 1.00 14.00 4.00 0.00 11.00 50.00 0.00 5.00 0.00 0.00 78.00 0.00 1.00 2.00 5.00 0.00
0.00 0.00 0.00 0.00 0.00 1.00 0.00 0.00 1.00 0.00 0.00 0.00 2.00 34.00 0.00 1.00 0.00 0.00 0.00 0.00 0.00 0.00 0.00 1.00 4.00 10.00 11.00 16.00 18.00 32.00 1.00 3.00 0.00 2.00 1.00 3.00 65.00 66.00 78.00 1.00 20.00 0.00 2.00 2.00 0.00 40.00 1.00 2.00 2.00 6.00 3.00 104.00 102.00 92.00 72.00 66.00 38.00 0.00 10.00 0.00 1.00 0.00 0.00 5.00 0.00 7.00 25.00 31.00 32.00 33.00 97.00 6.00 1.00 0.00 0.00 81.00 1.00 2.00 10.00 0.00 0.00
0.00 0.00 0.00 1.00 0.00 0.00 0.00 1.00 18.00 0.00 0.00 0.00 0.00 32.00 0.00 0.00 0.00 0.00 1.00 4.00 0.00 2.00 0.00 0.00 0.00 0.00 0.00 1.00 3.00 1.00 36.00 44.00 47.00 52.00 56.00 60.00 0.00 7.00 2.00 0.00 19.00 0.00 1.00 0.00 0.00 37.00 0.00 1.00 1.00 5.00 2.00 0.00 0.00 15.00 2.00 4.00 1.00 36.00 34.00 3.00 0.00 0.00 0.00 0.00 6.00 8.00 9.00 10.00 11.00 12.00 13.00 119.00 122.00 1.00 0.00 83.00 86.00 101.00 0.00 0.00 1.00
25.00 27.00 1.00 0.00 5.00 8.00 9.00 15.00 0.00 20.00 22.00 30.00 31.00 7.00 8.00 10.00 12.00 1.00 0.00 1.00 11.00 0.00 0.00 1.00 2.00 0.00 0.00 0.00 0.00 0.00 0.00 0.00 0.00 0.00 2.00 2.00 2.00 2.00 1.00 0.00 15.00 0.00 0.00 0.00 28.00 7.00 3.00 0.00 0.00 4.00 0.00 0.00 13.00 0.00 1.00 1.00 0.00 0.00 0.00 16.00 0.00 0.00 3.00 20.00 21.00 22.00 23.00 24.00 25.00 26.00 27.00 28.00 29.00 155.00 156.00 157.00 158.00 159.00 263.00 265.00 268.00
3.00 28.00 2.00 0.00 0.00 0.00 2.00 1.00 0.00 3.00 5.00 3.00 6.00 0.00 3.00 7.00 8.00 24.00 0.00 1.00 32.00 45.00 48.00 49.00 50.00 59.00 62.00 0.00 0.00 0.00 0.00 0.00 0.00 0.00 0.00 1.00 1.00 1.00 0.00 2.00 6.00 7.00 0.00 0.00 25.00 0.00 1.00 2.00 0.00 2.00 0.00 0.00 12.00 0.00 0.00 0.00 0.00 1.00 15.00 0.00 5.00 0.00 14.00 1.00 2.00 3.00 4.00 5.00 6.00 7.00 8.00 9.00 10.00 11.00 12.00 13.00 14.00 15.00 16.00 17.00 18.00
12.00 33.00 3.00 0.00 0.00 0.00 0.00 0.00 0.00 0.00 0.00 2.00 1.00 1.00 1.00 0.00 0.00 1.00 27.00 28.00 0.00 0.00 0.00 2.00 3.00 0.00 0.00 65.00 67.00 71.00 1.00 3.00 1.00 0.00 0.00 0.00 0.00 0.00 0.00 0.00 2.00 2.00 2.00 1.00 24.00 17.00 0.00 0.00 0.00 0.00 0.00 0.00 3.00 5.00 0.00 0.00 1.00 10.00 1.00 2.00 0.00 11.00 0.00 0.00 1.00 2.00 3.00 4.00 5.00 6.00 7.00 8.00 9.00 10.00 11.00 12.00 13.00 14.00 15.00 16.00 17.00
0.00 47.00 4.00 1.00 1.00 1.00 0.00 0.00 0.00 0.00 0.00 0.00 0.00 0.00 0.00 0.00 2.00 3.00 4.00 0.00 0.00 0.00 0.00 0.00 0.00 0.00 0.00 0.00 1.00 0.00 73.00 0.00 6.00 1.00 4.00 2.00 1.00 0.00 0.00 0.00 0.00 1.00 1.00 0.00 1.00 1.00 16.00 11.00 2.00 0.00 0.00 0.00 0.00 2.00 0.00 0.00 4.00 2.00 0.00 1.00 1.00 0.00 0.00 0.00 5.00 8.00 9.00 10.00 11.00 12.00 13.00 14.00 15.00 16.00 17.00 18.00 19.00 20.00 21.00 22.00 23.00
1.00 178.00 180.00 191.00 194.00 2.00 1.00 1.00 1.00 1.00 0.00 0.00 0.00 0.00 0.00 0.00 0.00 1.00 2.00 6.00 1.00 0.00 3.00 0.00 0.00 4.00 1.00 0.00 0.00 0.00 0.00 102.00 7.00 7.00 0.00 0.00 0.00 0.00 1.00 0.00 0.00 0.00 0.00 0.00 0.00 0.00 1.00 1.00 7.00 5.00 1.00 0.00 0.00 0.00 0.00 1.00 0.00 0.00 0.00 0.00 0.00 0.00 1.00 4.00 1.00 0.00 1.00 2.00 3.00 4.00 5.00 6.00 7.00 8.00 9.00 10.00 11.00 12.00 13.00 14.00 15.00
126.00 0.00 2.00 0.00 1.00 197.00 3.00 219.00 2.00 2.00 1.00 1.00 0.00 2.00 1.00 0.00 0.00 0.00 0.00 13.00 0.00 0.00 0.00 5.00 0.00 0.00 10.00 12.00 17.00 18.00 25.00 0.00 112.00 0.00 10.00 1.00 3.00 1.00 2.00 1.00 1.00 0.00 0.00 1.00 0.00 0.00 0.00 0.00 0.00 1.00 0.00 0.00 0.00 0.00 0.00 0.00 0.00 0.00 0.00 0.00 0.00 0.00 0.00 0.00 0.00 0.00 1.00 2.00 3.00 4.00 5.00 6.00 7.00 8.00 9.00 10.00 11.00 12.00 13.00 14.00 15.00
1.00 1.00 0.00 1.00 2.00 3.00 210.00 0.00 221.00 6.00 2.00 2.00 1.00 3.00 2.00 1.00 1.00 0.00 1.00 15.00 0.00 1.00 0.00 8.00 0.00 0.00 0.00 0.00 1.00 1.00 2.00 0.00 1.00 113.00 125.00 2.00 10.00 5.00 0.00 2.00 2.00 1.00 1.00 2.00 1.00 1.00 0.00 0.00 0.00 0.00 0.00 2.00 1.00 1.00 1.00 5.00 3.00 1.00 1.00 3.00 5.00 2.00 0.00 1.00 0.00 0.00 1.00 2.00 9.00 10.00 11.00 12.00 13.00 14.00 15.00 16.00 17.00 18.00 19.00 20.00 21.00
0.00 0.00 0.00 1.00 2.00 6.00 0.00 1.00 3.00 235.00 240.00 244.00 0.00 6.00 0.00 5.00 2.00 1.00 2.00 16.00 3.00 0.00 10.00 0.00 0.00 0.00 0.00 0.00 0.00 1.00 0.00 3.00 7.00 8.00 0.00 144.00 2.00 0.00 0.00 5.00 12.00 16.00 21.00 26.00 29.00 32.00 34.00 2.00 0.00 0.00 55.00 60.00 64.00 67.00 8.00 0.00 0.00 0.00 0.00 0.00 0.00 10.00 5.00 1.00 0.00 0.00 3.00 5.00 1.00 3.00 4.00 5.00 6.00 7.00 8.00 9.00 10.00 11.00 12.00 13.00 27.00
0.00 0.00 0.00 0.00 1.00 0.00 0.00 0.00 0.00 0.00 0.00 0.00 246.00 1.00 10.00 6.00 3.00 0.00 6.00 0.00 21.00 0.00 13.00 0.00 1.00 2.00 0.00 0.00 0.00 0.00 0.00 0.00 0.00 0.00 157.00 0.00 0.00 0.00 1.00 1.00 0.00 0.00 1.00 0.00 0.00 3.00 5.00 45.00 48.00 50.00 1.00 0.00 0.00 13.00 91.00 93.00 1.00 1.00 1.00 0.00 0.00 20.00 8.00 1.00 0.00 0.00 0.00 0.00 0.00 0.00 0.00 2.00 3.00 4.00 5.00 6.00 7.00 8.00 9.00 10.00 1.00
0.00 2.00 1.00 0.00 0.00 0.00 0.00 0.00 0.00 0.00 0.00 0.00 1.00 249.00 0.00 19.00 24.00 25.00 0.00 32.00 23.00 0.00 18.00 21.00 24.00 3.00 1.00 1.00 1.00 0.00 0.00 0.00 0.00 0.00 159.00 0.00 0.00 0.00 0.00 0.00 0.00 0.00 0.00 0.00 0.00 0.00 0.00 0.00 0.00 0.00 0.00 0.00 12.00 0.00 3.00 5.00 102.00 105.00 108.00 1.00 22.00 0.00 0.00 0.00 0.00 0.00 0.00 0.00 0.00 0.00 0.00 0.00 0.00 0.00 0.00 0.00 0.00 0.00 0.00 0.00 0.00
1.00 5.00 0.00 3.00 1.00 1.00 0.00 3.00 0.00 2.00 5.00 6.00 0.00 0.00 250.00 0.00 0.00 0.00 61.00 0.00 0.00 0.00 0.00 0.00 0.00 30.00 0.00 5.00 2.00 0.00 2.00 1.00 1.00 0.00 0.00 161.00 5.00 3.00 1.00 0.00 4.00 0.00 0.00 1.00 0.00 0.00 0.00 0.00 0.00 0.00 0.00 2.00 7.00 0.00 0.00 0.00 0.00 0.00 0.00 111.00 23.00 1.00 1.00 1.00 3.00 1.00 1.00 1.00 1.00 1.00 1.00 0.00 0.00 3.00 17.00 15.00 13.00 9.00 7.00 4.00 0.00
55.00 0.00 6.00 1.00 4.00 2.00 96.00 98.00 103.00 0.00 1.00 2.00 11.00 12.00 1.00 252.00 1.00 0.00 64.00 0.00 0.00 0.00 0.00 0.00 0.00 0.00 31.00 32.00 43.00 46.00 47.00 53.00 2.00 0.00 2.00 172.00 3.00 0.00 0.00 0.00 1.00 11.00 12.00 18.00 20.00 5.00 2.00 0.00 0.00 3.00 0.00 0.00 0.00 5.00 3.00 1.00 0.00 5.00 7.00 112.00 0.00 28.00 0.00 0.00 0.00 6.00 12.00 16.00 20.00 23.00 26.00 1.00 0.00 5.00 19.00 0.00 0.00 0.00 0.00 0.00 0.00
2.00 60.00 64.00 72.00 75.00 90.00 0.00 0.00 1.00 106.00 0.00 0.00 1.00 0.00 21.00 0.00 255.00 0.00 66.00 1.00 1.00 1.00 1.00 1.00 1.00 1.00 0.00 0.00 0.00 0.00 0.00 0.00 58.00 1.00 180.00 3.00 0.00 1.00 0.00 0.00 0.00 1.00 0.00 0.00 1.00 29.00 0.00 0.00 5.00 0.00 0.00 0.00 0.00 0.00 0.00 0.00 0.00 0.00 0.00 11.00 127.00 157.00 4.00 1.00 0.00 0.00 0.00 0.00 0.00 1.00 3.00 34.00 38.00 39.00 66.00 0.00 0.00 0.00 0.00 0.00 0.00
0.00 1.00 0.00 1.00 8.00 0.00 0.00 0.00 1.00 2.00 111.00 0.00 1.00 4.00 0.00 23.00 1.00 256.00 422.00 492.00 497.00 499.00 506.00 513.00 516.00 519.00 2.00 0.00 0.00 0.00 1.00 0.00 59.00 183.00 0.00 0.00 0.00 0.00 0.00 0.00 0.00 0.00 0.00 0.00 0.00 1.00 37.00 39.00 6.00 1.00 1.00 2.00 1.00 0.00 0.00 0.00 0.00 0.00 0.00 0.00 0.00 0.00 163.00 2.00 1.00 0.00 0.00 0.00 0.00 0.00 0.00 0.00 2.00 0.00 3.00 73.00 76.00 78.00 1.00 1.00 1.00
0.00 0.00 1.00 4.00 0.00 0.00 2.00 4.00 0.00 1.00 2.00 115.00 119.00 0.00 1.00 131.00 157.00 164.00 0.00 1.00 0.00 0.00 0.00 3.00 2.00 5.00 531.00 533.00 2.00 0.00 0.00 5.00 66.00 186.00 0.00 0.00 0.00 2.00 0.00 0.00 3.00 0.00 1.00 0.00 0.00 2.00 0.00 0.00 48.00 2.00 2.00 5.00 0.00 0.00 0.00 2.00 2.00 0.00 0.00 0.00 0.00 2.00 168.00 0.00 0.00 0.00 0.00 4.00 0.00 0.00 0.00 0.00 0.00 0.00 0.00 0.00 0.00 1.00 83.00 2.00 44.00
0.00 0.00 1.00 0.00 1.00 2.00 3.00 12.00 13.00 0.00 0.00 2.00 0.00 121.00 128.00 0.00 2.00 0.00 0.00 0.00 0.00 0.00 0.00 1.00 1.00 1.00 1.00 0.00 539.00 1.00 0.00 0.00 0.00 255.00 0.00 1.00 1.00 7.00 0.00 0.00 0.00 5.00 11.00 1.00 0.00 0.00 1.00 2.00 52.00 3.00 3.00 10.00 3.00 1.00 0.00 8.00 1.00 0.00 0.00 2.00 0.00 1.00 174.00 0.00 1.00 1.00 0.00 7.00 0.00 4.00 2.00 0.00 0.00 0.00 0.00 0.00 0.00 0.00 87.00 48.00 1.00
2.00 0.00 0.00 0.00 0.00 1.00 2.00 0.00 0.00 16.00 0.00 0.00 0.00 2.00 2.00 0.00 0.00 0.00 1.00 4.00 2.00 1.00 0.00 0.00 0.00 0.00 0.00 0.00 0.00 541.00 3.00 0.00 0.00 0.00 259.00 263.00 264.00 274.00 1.00 0.00 0.00 0.00 13.00 0.00 0.00 0.00 0.00 1.00 55.00 4.00 20.00 4.00 2.00 0.00 0.00 1.00 11.00 2.00 0.00 0.00 3.00 0.00 3.00 180.00 184.00 2.00 9.00 0.00 7.00 0.00 0.00 0.00 0.00 7.00 4.00 0.00 0.00 1.00 0.00 141.00 0.00
132.00 134.00 1.00 1.00 0.00 0.00 1.00 2.00 1.00 19.00 1.00 0.00 0.00 0.00 0.00 0.00 0.00 1.00 0.00 1.00 10.00 3.00 0.00 0.00 0.00 0.00 0.00 0.00 1.00 3.00 550.00 553.00 0.00 0.00 0.00 0.00 0.00 1.00 281.00 284.00 0.00 0.00 14.00 1.00 0.00 2.00 0.00 1.00 58.00 27.00 0.00 0.00 0.00 0.00 0.00 0.00 15.00 3.00 9.00 7.00 5.00 0.00 0.00 0.00 0.00 198.00 0.00 10.00 0.00 0.00 0.00 2.00 9.00 0.00 0.00 0.00 0.00 0.00 0.00 143.00 0.00
