Data/ASC_file/zhimenda_DEM.asc
ncols           679
          nrows           333
          xllcorner      90.54720
          yllcorner      32.43537
          cellsize        0.01000
        NODATA_value  -9999.00000
[rows 120 to 149 of 333, columns 0 to 65 of 679]
-9999.00 -9999.00 -9999.00 -9999.00 -9999.00 -9999.00 -9999.00 -9999.00 -9999.00 -9999.00 -9999.00 -9999.00 -9999.00 -9999.00 -9999.00 -9999.00 -9999.00 -9999.00 -9999.00 -9999.00 -9999.00 -9999.00 -9999.00 -9999.00 -9999.00 -9999.00 -9999.00 -9999.00 -9999.00 -9999.00 -9999.00 -9999.00 -9999.00 -9999.00 -9999.00 -9999.00 -9999.00 -9999.00 -9999.00 -9999.00 4911.00 4905.00 4903.00 4906.00 4919.00 4967.00 4967.00 5002.00 4926.00 4925.00 4912.00 4907.40 4907.30 4907.20 4907.10 4907.10 4908.00 4952.00 4931.00 4931.00 4925.00 4918.00 4914.00 4919.00 4919.00 4921.00
-9999.00 -9999.00 -9999.00 -9999.00 -9999.00 -9999.00 -9999.00 -9999.00 -9999.00 -9999.00 -9999.00 -9999.00 -9999.00 -9999.00 -9999.00 -9999.00 -9999.00 -9999.00 -9999.00 -9999.00 -9999.00 -9999.00 -9999.00 -9999.00 -9999.00 -9999.00 -9999.00 -9999.00 -9999.00 -9999.00 -9999.00 -9999.00 -9999.00 -9999.00 -9999.00 -9999.00 -9999.00 4886.00 4904.00 4901.00 4911.00 4901.00 4906.00 4928.00 4928.00 4915.00 4892.00 4921.00 4931.00 4916.00 4960.00 4949.00 4950.00 4950.00 4940.00 4907.00 4907.00 4886.00 4891.00 4896.00 4898.00 4898.00 4892.00 4890.00 4888.00 4886.00
-9999.00 -9999.00 -9999.00 -9999.00 -9999.00 -9999.00 -9999.00 -9999.00 -9999.00 -9999.00 -9999.00 -9999.00 -9999.00 -9999.00 -9999.00 -9999.00 -9999.00 -9999.00 -9999.00 -9999.00 -9999.00 -9999.00 -9999.00 -9999.00 -9999.00 -9999.00 -9999.00 -9999.00 -9999.00 -9999.00 4919.00 4908.00 4927.00 4867.00 4873.00 4877.00 4875.00 4880.00 4889.00 4893.00 4884.00 4905.00 4905.00 4949.00 4991.00 4885.00 4867.20 4881.00 4899.00 4949.00 4942.00 4944.00 4944.00 4951.00 4937.00 4923.00 4903.00 4918.00 4883.00 4888.00 4890.00 4890.00 4881.00 4880.00 4879.00 4877.00
-9999.00 -9999.00 -9999.00 -9999.00 -9999.00 -9999.00 -9999.00 -9999.00 -9999.00 -9999.00 -9999.00 -9999.00 -9999.00 -9999.00 -9999.00 -9999.00 -9999.00 -9999.00 -9999.00 -9999.00 -9999.00 -9999.00 -9999.00 -9999.00 -9999.00 -9999.00 -9999.00 -9999.00 -9999.00 -9999.00 4916.00 4876.10 4876.00 4863.60 4863.50 4863.40 4863.30 4863.20 4863.10 4863.00 4860.20 4860.10 4898.00 4943.00 4945.00 4867.10 4869.00 4869.00 4931.00 4968.00 4965.00 4965.00 4916.00 4925.00 4965.00 4946.00 4946.00 4894.00 4879.00 4880.00 4880.00 4880.00 4872.00 4871.00 4868.00 4870.00
-9999.00 -9999.00 -9999.00 -9999.00 -9999.00 -9999.00 -9999.00 -9999.00 -9999.00 -9999.00 -9999.00 -9999.00 -9999.00 -9999.00 -9999.00 -9999.00 -9999.00 -9999.00 -9999.00 -9999.00 -9999.00 -9999.00 -9999.00 -9999.00 -9999.00 -9999.00 -9999.00 -9999.00 -9999.00 -9999.00 -9999.00 4882.00 4882.00 4863.60 4863.50 4863.40 4863.30 4863.20 4962.00 4953.00 4953.00 4868.00 4860.00 4881.00 4888.00 4867.00 4867.00 4908.00 4933.00 4997.00 4974.00 4965.00 4952.00 4889.00 4931.00 4931.00 4967.00 4877.00 4871.00 4871.00 4872.00 4874.00 4864.00 4863.00 4860.00 4860.00
-9999.00 -9999.00 -9999.00 -9999.00 -9999.00 -9999.00 -9999.00 -9999.00 -9999.00 -9999.00 -9999.00 -9999.00 -9999.00 -9999.00 -9999.00 -9999.00 -9999.00 -9999.00 -9999.00 -9999.00 -9999.00 -9999.00 -9999.00 -9999.00 -9999.00 -9999.00 -9999.00 -9999.00 -9999.00 -9999.00 -9999.00 4877.00 4863.70 4863.60 4863.50 4863.40 4863.30 4863.30 4864.00 4864.10 4934.00 4872.00 4835.00 4851.00 4847.00 4839.00 4877.00 4930.00 4911.00 4911.00 4890.00 4935.00 4914.00 4865.00 4865.00 4876.00 4893.00 4904.00 4888.00 4862.00 4866.00 4865.00 4854.00 4855.00 4855.00 4853.00
-9999.00 -9999.00 -9999.00 -9999.00 -9999.00 -9999.00 -9999.00 -9999.00 -9999.00 -9999.00 -9999.00 -9999.00 -9999.00 -9999.00 -9999.00 -9999.00 -9999.00 -9999.00 -9999.00 -9999.00 -9999.00 -9999.00 -9999.00 -9999.00 -9999.00 -9999.00 -9999.00 -9999.00 -9999.00 -9999.00 -9999.00 4906.00 4885.00 4889.00 4889.00 4863.40 4863.40 4863.40 4887.00 4893.00 4931.00 4941.00 4820.10 4834.00 4834.00 4851.00 4860.00 4889.00 4920.00 4887.00 4875.00 4841.10 4841.00 4841.00 4839.00 4860.00 4870.00 4888.00 4868.00 4851.00 4861.00 4860.00 4853.00 4852.00 4852.00 4848.00
-9999.00 -9999.00 -9999.00 -9999.00 -9999.00 -9999.00 -9999.00 -9999.00 -9999.00 -9999.00 -9999.00 -9999.00 -9999.00 -9999.00 -9999.00 -9999.00 -9999.00 -9999.00 -9999.00 -9999.00 -9999.00 -9999.00 -9999.00 -9999.00 -9999.00 -9999.00 -9999.00 -9999.00 -9999.00 -9999.00 -9999.00 4979.00 4934.00 5018.00 4918.00 4874.00 4863.50 4863.50 4946.00 4977.00 4911.00 4907.00 4820.00 4820.00 4812.60 4812.60 4823.00 4848.00 4918.00 4922.00 4981.00 4854.00 4854.00 4836.90 4875.00 4878.00 4856.00 4856.00 4857.00 4841.00 4847.00 4847.00 4843.00 4840.00 4843.00 4840.00
-9999.00 -9999.00 -9999.00 -9999.00 -9999.00 -9999.00 -9999.00 -9999.00 -9999.00 -9999.00 -9999.00 -9999.00 -9999.00 -9999.00 -9999.00 -9999.00 -9999.00 -9999.00 -9999.00 -9999.00 -9999.00 -9999.00 -9999.00 -9999.00 -9999.00 -9999.00 -9999.00 -9999.00 -9999.00 -9999.00 -9999.00 5178.00 5178.00 5040.00 4941.00 4889.00 4867.00 4867.00 4964.00 4972.00 4878.00 4835.00 4835.00 4812.60 4812.50 4812.50 4861.00 4861.00 4963.00 5005.00 5047.00 5047.00 4912.00 4836.80 4847.00 4858.00 4836.50 4836.40 4836.30 4836.20 4836.10 4836.00 4835.00 4833.00 4836.00 4828.00
-9999.00 -9999.00 -9999.00 -9999.00 -9999.00 -9999.00 -9999.00 -9999.00 -9999.00 -9999.00 -9999.00 -9999.00 -9999.00 -9999.00 -9999.00 -9999.00 -9999.00 -9999.00 -9999.00 -9999.00 -9999.00 -9999.00 -9999.00 -9999.00 -9999.00 -9999.00 -9999.00 -9999.00 -9999.00 -9999.00 -9999.00 5149.00 5255.00 4998.00 4937.00 4892.00 4892.00 4870.00 4893.00 4847.00 4853.00 4853.00 4874.00 4812.60 4812.50 4812.40 4812.40 4851.00 4938.00 5033.00 5035.00 5033.00 4896.00 4836.80 4836.70 4836.60 4836.50 4836.40 4836.30 4836.20 4839.00 4837.00 4860.00 4833.00 4826.10 4826.00
-9999.00 -9999.00 -9999.00 -9999.00 -9999.00 -9999.00 -9999.00 -9999.00 -9999.00 -9999.00 -9999.00 -9999.00 -9999.00 -9999.00 -9999.00 -9999.00 -9999.00 -9999.00 -9999.00 -9999.00 -9999.00 -9999.00 -9999.00 -9999.00 -9999.00 -9999.00 -9999.00 -9999.00 -9999.00 -9999.00 5019.00 5179.00 5120.00 4956.00 4930.00 4930.00 4902.00 4866.00 4831.10 4831.00 4827.00 4874.00 4922.00 4855.00 4846.00 4846.00 4812.30 4812.30 4889.00 4889.00 4989.00 4982.00 4862.00 4836.80 4836.70 4836.60 4836.50 4836.40 4841.00 4855.00 4863.00 4948.00 4903.00 4857.00 4857.00 4873.00
-9999.00 -9999.00 -9999.00 -9999.00 -9999.00 -9999.00 -9999.00 -9999.00 -9999.00 -9999.00 -9999.00 -9999.00 -9999.00 -9999.00 -9999.00 -9999.00 -9999.00 -9999.00 -9999.00 -9999.00 4937.00 4925.00 4922.00 4924.00 4934.00 4934.00 4922.00 4935.00 4963.00 4963.00 4999.00 5083.00 4948.00 4928.10 4928.00 4913.00 4891.00 4860.00 4855.00 4837.00 4826.00 4833.00 4917.00 4944.00 4886.00 4896.00 4814.00 4812.20 4812.20 4853.00 4857.00 4914.00 4893.00 4893.00 4877.00 4836.60 4882.00 4866.00 4863.00 4884.00 4894.00 4982.00 4931.00 4931.00 4890.00 4958.00
-9999.00 -9999.00 -9999.00 -9999.00 -9999.00 -9999.00 -9999.00 -9999.00 -9999.00 -9999.00 -9999.00 -9999.00 -9999.00 -9999.00 -9999.00 -9999.00 -9999.00 -9999.00 -9999.00 4962.00 4955.00 4923.00 4915.00 4915.00 4908.00 4908.10 4908.20 4908.30 4912.00 4931.00 4951.00 4954.00 4957.00 4967.00 4955.00 4946.00 4907.00 4907.00 4898.00 4875.00 4839.00 4819.20 4819.10 4819.00 4812.10 4812.10 4843.00 4843.00 4812.10 4812.10 4812.10 4812.10 4812.10 4863.00 4938.00 4921.00 4842.00 4851.00 4895.00 4961.00 5034.00 4916.00 4945.00 4949.00 4915.00 4880.10
-9999.00 -9999.00 -9999.00 -9999.00 -9999.00 -9999.00 -9999.00 -9999.00 -9999.00 -9999.00 -9999.00 -9999.00 -9999.00 -9999.00 -9999.00 -9999.00 5083.00 4998.00 4983.00 4943.00 4922.00 4908.00 4908.00 4907.00 4918.00 4925.00 4908.20 4951.00 4912.00 4912.10 4928.00 4928.00 4910.00 4935.00 4949.00 4969.00 4969.00 4953.00 4872.00 4896.00 4843.00 4843.00 4827.00 4825.00 4812.10 4812.00 4812.00 4812.00 4812.00 4812.00 4812.00 4812.00 4812.00 4826.00 4859.00 4859.00 4835.00 4860.00 4889.00 4901.00 4901.10 4924.00 4931.00 4944.00 4941.00 4941.00
-9999.00 -9999.00 -9999.00 -9999.00 -9999.00 -9999.00 -9999.00 -9999.00 -9999.00 -9999.00 -9999.00 -9999.00 -9999.00 -9999.00 -9999.00 -9999.00 5112.00 4997.00 4959.00 4934.00 4919.00 4918.00 4905.00 4901.00 4920.00 4939.00 4939.00 4969.00 4960.00 4913.00 4913.00 4889.00 4874.00 4880.00 4915.00 4915.00 4952.00 4962.00 4860.00 4840.00 4840.00 4825.00 4823.00 4819.00 4812.10 4812.00 4811.90 4811.90 4811.90 4811.90 4811.90 4811.90 4811.90 4811.90 4811.90 4814.00 4880.00 4930.00 4967.00 4967.00 4949.00 5014.00 4975.00 4955.00 4955.00 4947.00
-9999.00 -9999.00 -9999.00 -9999.00 -9999.00 -9999.00 -9999.00 -9999.00 -9999.00 -9999.00 -9999.00 -9999.00 -9999.00 -9999.00 -9999.00 -9999.00 5080.00 4974.00 4951.00 4931.00 4949.00 4915.00 4901.00 4900.20 4910.00 4910.00 4957.00 5014.00 4976.00 4976.00 4948.00 4909.00 4889.00 4860.00 4860.00 4870.00 4893.00 4891.00 4830.00 4830.00 4817.00 4815.00 4819.00 4816.00 4822.00 4815.00 4811.80 4811.80 4811.80 4811.80 4811.80 4811.80 4811.80 4811.80 4819.00 4837.00 4884.00 4945.00 5013.00 5065.00 5078.00 5135.00 5059.00 5059.00 5039.00 4977.00
-9999.00 -9999.00 -9999.00 -9999.00 -9999.00 -9999.00 -9999.00 -9999.00 -9999.00 -9999.00 -9999.00 -9999.00 -9999.00 -9999.00 -9999.00 -9999.00 5067.00 4985.00 4975.00 4975.00 4982.00 4918.00 4900.30 4900.20 4900.10 4900.10 4930.00 4984.00 4984.00 5009.00 4967.00 4947.00 4897.00 4897.00 4857.00 4852.00 4883.00 4904.00 4845.00 4813.00 4812.20 4812.10 4817.00 4817.00 4847.00 4824.00 4811.80 4811.70 4811.70 4811.70 4811.70 4811.70 4811.70 4811.70 4831.00 4883.00 4946.00 4914.00 4970.00 5054.00 5130.00 5140.00 5140.00 5122.00 5099.00 5056.00
-9999.00 -9999.00 -9999.00 -9999.00 -9999.00 -9999.00 -9999.00 -9999.00 -9999.00 -9999.00 -9999.00 -9999.00 -9999.00 -9999.00 -9999.00 -9999.00 5084.00 5044.00 5044.00 5019.00 4975.00 4945.00 4916.00 4916.00 4900.10 4900.00 4919.00 4904.00 4936.00 4971.00 4944.00 4908.00 4888.00 4883.00 4878.00 4848.00 4884.00 4884.00 4852.00 4812.30 4812.20 4812.10 4812.00 4816.00 4818.00 4838.00 4841.00 4841.00 4811.60 4811.60 4811.60 4811.60 4811.60 4811.60 4834.00 4850.00 4850.00 4904.00 4916.00 4981.00 5048.00 4959.00 5052.00 5146.00 5140.00 5055.00
-9999.00 -9999.00 -9999.00 -9999.00 -9999.00 -9999.00 -9999.00 -9999.00 -9999.00 -9999.00 -9999.00 -9999.00 -9999.00 -9999.00 -9999.00 5100.00 5075.00 5029.00 5020.00 5008.00 4972.00 4946.00 4946.00 4923.00 4920.00 4907.00 4895.00 4890.10 4903.00 4914.00 4911.00 4911.00 4869.00 4863.00 4859.00 4842.00 4842.00 4860.00 4835.00 4813.00 4813.00 4813.00 4812.00 4811.90 4811.80 4811.70 4811.60 4811.60 4816.00 4811.50 4811.50 4811.50 4811.50 4811.50 4819.00 4840.00 4848.00 4848.10 4894.00 4913.00 4913.00 4886.00 4926.00 4992.00 5071.00 5071.00
-9999.00 -9999.00 -9999.00 -9999.00 -9999.00 -9999.00 -9999.00 -9999.00 -9999.00 -9999.00 -9999.00 -9999.00 -9999.00 -9999.00 5099.00 5084.00 5084.00 5059.00 5026.00 5001.00 5001.00 5001.00 4985.00 4998.00 4972.00 4918.00 4918.00 4890.10 4890.00 4880.00 4880.00 4876.00 4854.00 4863.00 4856.00 4856.00 4836.00 4842.00 4824.00 4823.00 4823.00 4823.00 4812.00 4811.90 4822.00 4822.00 4811.60 4811.50 4816.00 4811.40 4811.40 4811.40 4811.40 4811.50 4811.60 4962.00 4926.00 4855.00 4849.00 4849.10 4870.00 4866.00 4888.00 4908.00 4908.10 4934.00
-9999.00 -9999.00 -9999.00 -9999.00 -9999.00 -9999.00 5380.00 5259.00 -9999.00 -9999.00 -9999.00 -9999.00 -9999.00 5153.00 5115.00 5055.00 5026.00 5034.00 5042.00 5023.00 4994.00 4988.00 5004.00 5005.00 4949.00 4949.00 4906.00 4890.10 4893.00 4893.00 4858.00 4854.00 4850.00 4849.10 4849.00 4838.00 4832.00 4830.00 4824.00 4824.00 4822.00 4819.00 4834.00 4897.00 4897.00 4860.00 4829.00 4811.50 4811.40 4811.30 4811.30 4811.30 4826.00 4826.00 4916.00 4962.00 4988.00 4917.00 4849.10 4849.10 4849.20 4915.00 4917.00 4917.00 4935.00 4919.00
-9999.00 -9999.00 -9999.00 -9999.00 -9999.00 -9999.00 5293.00 5286.00 5239.00 5307.00 5361.00 5326.00 5224.00 5128.00 5128.00 5031.00 5021.00 4985.20 4985.10 4985.00 4958.00 4952.00 4966.00 4959.00 4959.00 4915.00 4891.00 4896.00 4896.00 4911.00 4866.00 4853.00 4856.00 4856.00 4858.00 4844.00 4838.00 4832.00 4830.00 4828.00 4831.00 4861.00 4867.00 4832.00 4879.00 4882.00 4879.00 4861.00 4819.00 4811.30 4811.20 4855.00 4855.00 4934.00 4985.00 4873.00 4924.00 4949.00 4892.00 4849.20 4856.00 4978.00 4978.00 4989.00 5071.00 5057.00
-9999.00 -9999.00 -9999.00 -9999.00 5282.00 5229.00 5206.00 5206.00 5136.00 5132.00 5128.30 5128.20 5128.10 5128.10 5131.00 5192.00 5093.00 5055.00 5009.00 4990.00 4977.00 4948.10 4948.00 4931.00 4923.00 4942.00 4908.00 4906.00 4878.00 4869.00 4866.00 4866.00 4868.00 4869.00 4857.00 4850.00 4844.00 4844.00 4838.00 4832.00 4827.50 4827.40 4827.30 4827.20 4827.10 4829.00 4829.00 4853.00 4852.00 4811.30 4811.20 4811.10 4811.00 4808.00 4810.00 4798.80 4798.70 4818.00 4867.00 4974.00 4881.00 4974.00 4910.00 4884.00 4913.00 4913.00
-9999.00 -9999.00 -9999.00 5283.00 5218.00 5185.00 5172.00 5172.00 5128.50 5128.40 5128.30 5128.20 5162.00 5222.00 5247.00 5184.00 5184.00 5056.00 5012.00 4985.00 4968.00 4968.00 4949.00 4935.00 4920.00 4908.10 4908.00 4894.00 4882.00 4876.00 4876.00 4879.00 4871.00 4866.00 4859.00 4859.00 4852.00 4847.00 4840.00 4834.00 4834.00 4828.00 4827.30 4833.00 4827.10 4827.00 4821.00 4811.50 4811.40 4862.00 4852.00 4833.00 4829.00 4818.00 4798.90 4798.80 4798.70 4798.60 4806.00 4806.00 4798.30 4835.00 4819.00 4810.10 4810.00 4836.00
-9999.00 -9999.00 -9999.00 5319.00 5210.00 5167.00 5159.10 5159.00 5140.00 5173.00 5173.00 5219.00 5257.00 5305.00 5317.00 5202.00 5145.00 5045.00 5017.00 4989.00 4987.00 4966.00 4955.00 4945.00 4927.00 4927.00 4923.00 4893.00 4890.00 4890.00 4884.00 4880.00 4876.00 4868.00 4868.00 4862.00 4854.00 4850.00 4840.00 4840.00 4835.00 4831.00 4831.00 4886.00 4886.00 4892.00 4867.00 4833.00 4857.00 4880.00 4893.00 4872.00 4824.00 4803.00 4803.00 4798.80 4809.00 4804.00 4798.50 4798.40 4798.30 4798.20 4814.00 4814.00 4814.00 4797.00
-9999.00 -9999.00 -9999.00 5442.00 5289.00 5289.00 5205.00 5188.00 5217.00 5217.00 5255.00 5325.00 5338.00 5269.00 5210.00 5183.00 5117.00 5053.00 5022.00 5022.00 4966.00 4949.00 4946.00 4942.00 4942.00 4932.00 4920.00 4901.00 4901.00 4892.00 4886.00 4881.00 4876.00 4876.00 4869.00 4862.00 4856.00 4851.00 4847.00 4842.00 4840.00 4845.00 4864.00 4870.00 4915.00 4940.00 4931.00 4879.00 4912.00 4880.00 4902.00 4881.00 4826.00 4826.00 4799.00 4822.00 4859.00 4838.00 4817.00 4803.00 4798.30 4798.20 4798.10 4798.00 4807.00 4799.00
-9999.00 -9999.00 -9999.00 5511.00 5511.00 5425.00 5269.00 5224.00 5290.00 5272.00 5240.00 5256.00 5285.00 5285.00 5258.00 5192.00 5090.00 5009.00 5009.00 4991.00 4955.00 4948.00 4942.10 4942.00 4935.00 4926.00 4919.00 4911.00 4903.00 4895.00 4888.00 4881.00 4881.00 4875.00 4868.00 4862.00 4860.00 4858.00 4857.00 4850.00 4847.00 4860.00 4860.00 4873.00 4870.10 4888.00 4931.00 4931.00 4983.00 4916.00 4892.00 4892.00 4890.00 4839.00 4800.00 4822.00 4862.00 4862.00 4850.00 4825.00 4811.00 4811.00 4808.00 4802.00 4797.00 4795.00
-9999.00 -9999.00 5532.00 5476.00 5463.00 5349.00 5279.00 5279.00 5263.00 5217.00 5182.00 5175.00 5175.00 5260.00 5208.00 5102.00 5015.00 4986.00 4976.00 4967.00 4962.00 4950.00 4950.00 4942.00 4935.00 4927.00 4919.00 4912.00 4902.00 4893.00 4888.00 4888.00 4881.00 4874.00 4868.00 4869.00 4886.00 4886.00 4874.00 4860.00 4855.00 4855.00 4868.00 4915.00 4899.00 4885.00 4885.10 4902.00 5000.00 4966.00 4966.00 4913.00 4867.00 4832.00 4800.10 4818.00 4818.00 4866.00 4882.00 4836.00 4858.00 4832.00 4828.00 4811.00 4809.00 4809.00
-9999.00 -9999.00 5477.00 5319.00 5351.00 5308.00 5298.00 5302.00 5205.00 5170.00 5239.00 5239.00 5159.00 5210.00 5085.00 5026.00 5026.00 5010.00 5012.00 4980.00 4977.00 4977.00 4956.00 4943.00 4932.00 4925.00 4921.00 4909.00 4898.00 4894.00 4894.00 4916.00 4893.00 4883.00 4889.00 4906.00 4906.00 4937.00 4886.00 4919.00 4919.00 4893.00 4882.00 4932.00 4944.00 4944.00 4921.00 4903.00 4965.00 4965.00 5006.00 4934.00 4903.00 4825.00 4800.20 4800.20 4809.00 4829.00 4903.00 4903.00 4911.00 4874.00 4862.00 4854.00 4854.00 4828.00
-9999.00 5654.00 5507.00 5344.00 5287.00 5209.00 5187.00 5240.00 5143.00 5137.00 5137.00 5234.00 5190.00 5113.00 5027.00 5027.00 5023.00 5140.00 5065.00 5048.00 5048.00 5001.00 4966.00 4952.00 4935.00 4935.00 4925.00 4916.00 4929.00 4929.00 4927.00 4954.00 4902.00 4899.00 4910.00 4910.00 4950.00 4941.00 4913.00 4913.00 4914.00 4937.00 4914.00 4921.00 4921.10 4941.00 4979.00 4977.00 4933.00 4914.00 4963.00 4940.00 4890.00 4827.00 4825.00 4804.00 4827.00 4837.00 4844.00 4888.00 4934.00 4926.00 4886.00 4886.00 4869.00 4852.00
