Data/ASC_file/zhimenda_FreedomWaterCapacity.asc
ncols           679
          nrows           333
          xllcorner      90.54720
          yllcorner      32.43537
          cellsize        0.01000
        NODATA_value  -9999.00000
[rows 102 to 135 of 333, columns 0 to 75 of 679]
-9999.00 -9999.00 -9999.00 -9999.00 -9999.00 -9999.00 -9999.00 -9999.00 -9999.00 -9999.00 -9999.00 -9999.00 -9999.00 -9999.00 -9999.00 -9999.00 -9999.00 -9999.00 -9999.00 -9999.00 -9999.00 -9999.00 -9999.00 -9999.00 -9999.00 -9999.00 -9999.00 -9999.00 -9999.00 -9999.00 -9999.00 -9999.00 -9999.00 -9999.00 -9999.00 -9999.00 -9999.00 -9999.00 -9999.00 -9999.00 -9999.00 -9999.00 -9999.00 -9999.00 -9999.00 -9999.00 20.79 18.68 24.09 25.68 25.09 22.93 19.21 22.59 19.84 16.93 16.05 17.06 21.17 20.55 20.30 18.41 22.94 19.09 21.85 23.32 22.71 23.96 23.60 23.17 25.37 26.64 26.85 26.29 24.38 22.39
-9999.00 -9999.00 -9999.00 -9999.00 -9999.00 -9999.00 -9999.00 -9999.00 -9999.00 -9999.00 -9999.00 -9999.00 -9999.00 -9999.00 -9999.00 -9999.00 -9999.00 -9999.00 -9999.00 -9999.00 -9999.00 -9999.00 -9999.00 -9999.00 -9999.00 -9999.00 -9999.00 -9999.00 -9999.00 -9999.00 -9999.00 -9999.00 -9999.00 -9999.00 -9999.00 -9999.00 -9999.00 -9999.00 -9999.00 -9999.00 -9999.00 -9999.00 -9999.00 -9999.00 -9999.00 23.97 24.37 25.33 22.14 22.28 25.25 25.29 23.99 21.32 17.37 15.24 19.24 21.35 22.98 22.22 22.45 20.77 17.82 15.84 22.36 17.69 18.64 21.48 23.06 22.33 24.27 24.07 24.57 25.60 26.60 26.03
-9999.00 -9999.00 -9999.00 -9999.00 -9999.00 -9999.00 -9999.00 -9999.00 -9999.00 -9999.00 -9999.00 -9999.00 -9999.00 -9999.00 -9999.00 -9999.00 -9999.00 -9999.00 -9999.00 -9999.00 -9999.00 -9999.00 -9999.00 -9999.00 -9999.00 -9999.00 -9999.00 -9999.00 -9999.00 -9999.00 -9999.00 -9999.00 -9999.00 -9999.00 -9999.00 -9999.00 -9999.00 -9999.00 -9999.00 -9999.00 -9999.00 -9999.00 -9999.00 23.15 21.46 20.71 17.33 20.34 24.74 20.55 18.58 23.74 20.60 16.52 16.30 23.28 23.57 21.73 24.18 22.45 22.37 22.28 21.83 21.79 24.61 17.22 22.11 18.51 20.89 19.06 21.56 22.58 22.84 24.04 25.13 25.49
-9999.00 -9999.00 -9999.00 -9999.00 -9999.00 -9999.00 -9999.00 -9999.00 -9999.00 -9999.00 -9999.00 -9999.00 -9999.00 -9999.00 -9999.00 -9999.00 -9999.00 -9999.00 -9999.00 -9999.00 -9999.00 -9999.00 -9999.00 -9999.00 -9999.00 -9999.00 -9999.00 -9999.00 -9999.00 -9999.00 -9999.00 -9999.00 -9999.00 -9999.00 -9999.00 -9999.00 -9999.00 -9999.00 -9999.00 -9999.00 -9999.00 -9999.00 25.58 22.41 21.73 18.85 24.07 18.35 24.47 23.75 25.19 21.57 18.76 14.44 22.55 25.63 23.76 24.83 25.58 23.52 23.69 23.07 22.32 23.19 25.03 25.53 24.24 22.10 18.73 17.45 17.06 16.44 19.19 21.74 22.47 23.80
-9999.00 -9999.00 -9999.00 -9999.00 -9999.00 -9999.00 -9999.00 -9999.00 -9999.00 -9999.00 -9999.00 -9999.00 -9999.00 -9999.00 -9999.00 -9999.00 -9999.00 -9999.00 -9999.00 -9999.00 -9999.00 -9999.00 -9999.00 -9999.00 -9999.00 -9999.00 -9999.00 -9999.00 -9999.00 -9999.00 -9999.00 -9999.00 -9999.00 -9999.00 -9999.00 -9999.00 -9999.00 -9999.00 -9999.00 -9999.00 -9999.00 -9999.00 23.14 23.33 23.52 24.84 25.14 22.74 17.20 22.65 22.84 20.19 20.96 10.00 25.21 22.55 24.75 26.06 25.63 25.82 25.19 24.76 23.51 25.27 24.91 22.38 25.09 22.62 21.43 21.39 24.83 18.80 10.53 16.58 16.32 17.22
-9999.00 -9999.00 -9999.00 -9999.00 -9999.00 -9999.00 -9999.00 -9999.00 -9999.00 -9999.00 -9999.00 -9999.00 -9999.00 -9999.00 -9999.00 -9999.00 -9999.00 -9999.00 -9999.00 -9999.00 -9999.00 -9999.00 -9999.00 -9999.00 -9999.00 -9999.00 -9999.00 -9999.00 -9999.00 -9999.00 -9999.00 -9999.00 -9999.00 -9999.00 -9999.00 -9999.00 -9999.00 -9999.00 -9999.00 -9999.00 -9999.00 -9999.00 23.61 25.06 25.30 25.88 25.29 23.87 22.53 18.72 18.85 18.57 14.22 8.63 10.74 22.92 24.58 25.46 24.21 22.80 24.60 26.00 25.87 24.68 25.74 24.21 21.22 22.75 25.28 23.36 21.70 21.32 23.85 20.76 18.59 23.66
-9999.00 -9999.00 -9999.00 -9999.00 -9999.00 -9999.00 -9999.00 -9999.00 -9999.00 -9999.00 -9999.00 -9999.00 -9999.00 -9999.00 -9999.00 -9999.00 -9999.00 -9999.00 -9999.00 -9999.00 -9999.00 -9999.00 -9999.00 -9999.00 -9999.00 -9999.00 -9999.00 -9999.00 -9999.00 -9999.00 -9999.00 -9999.00 -9999.00 -9999.00 -9999.00 -9999.00 -9999.00 -9999.00 -9999.00 -9999.00 -9999.00 -9999.00 -9999.00 -9999.00 -9999.00 -9999.00 24.37 26.23 24.87 23.03 18.04 18.52 13.10 18.41 8.19 21.35 24.93 26.29 23.08 22.35 23.90 25.09 24.92 21.81 24.64 26.55 21.79 24.24 21.55 25.71 23.08 24.70 21.79 20.40 22.43 23.69
-9999.00 -9999.00 -9999.00 -9999.00 -9999.00 -9999.00 -9999.00 -9999.00 -9999.00 -9999.00 -9999.00 -9999.00 -9999.00 -9999.00 -9999.00 -9999.00 -9999.00 -9999.00 -9999.00 -9999.00 -9999.00 -9999.00 -9999.00 -9999.00 -9999.00 -9999.00 -9999.00 -9999.00 -9999.00 -9999.00 -9999.00 -9999.00 -9999.00 -9999.00 -9999.00 -9999.00 -9999.00 -9999.00 -9999.00 -9999.00 -9999.00 -9999.00 -9999.00 -9999.00 -9999.00 -9999.00 23.58 24.12 26.26 25.23 22.34 24.26 24.91 23.52 21.13 8.17 24.81 24.04 20.39 21.74 24.22 23.28 22.30 21.70 24.29 25.37 24.65 26.36 21.84 25.97 25.98 25.30 22.50 23.80 24.03 25.86
-9999.00 -9999.00 -9999.00 -9999.00 -9999.00 -9999.00 -9999.00 -9999.00 -9999.00 -9999.00 -9999.00 -9999.00 -9999.00 -9999.00 -9999.00 -9999.00 -9999.00 -9999.00 -9999.00 -9999.00 -9999.00 -9999.00 -9999.00 -9999.00 -9999.00 -9999.00 -9999.00 -9999.00 -9999.00 -9999.00 -9999.00 -9999.00 -9999.00 -9999.00 -9999.00 -9999.00 -9999.00 -9999.00 -9999.00 -9999.00 -9999.00 -9999.00 -9999.00 -9999.00 -9999.00 -9999.00 23.32 24.75 24.99 25.98 25.94 25.30 25.64 24.51 15.05 14.05 9.00 14.30 20.51 24.36 22.79 21.46 21.94 22.43 24.43 23.29 24.37 25.97 20.90 22.94 23.89 25.73 25.42 24.64 24.76 21.68
-9999.00 -9999.00 -9999.00 -9999.00 -9999.00 -9999.00 -9999.00 -9999.00 -9999.00 -9999.00 -9999.00 -9999.00 -9999.00 -9999.00 -9999.00 -9999.00 -9999.00 -9999.00 -9999.00 -9999.00 -9999.00 -9999.00 -9999.00 -9999.00 -9999.00 -9999.00 -9999.00 -9999.00 -9999.00 -9999.00 -9999.00 -9999.00 -9999.00 -9999.00 -9999.00 -9999.00 -9999.00 -9999.00 -9999.00 -9999.00 -9999.00 -9999.00 -9999.00 -9999.00 -9999.00 23.50 23.22 24.11 22.27 23.57 24.18 20.91 23.16 24.83 23.70 26.48 25.89 23.02 16.25 16.65 21.75 23.02 24.73 21.58 22.34 22.02 23.26 24.51 24.97 17.52 20.93 23.37 22.92 26.35 23.96 23.75
-9999.00 -9999.00 -9999.00 -9999.00 -9999.00 -9999.00 -9999.00 -9999.00 -9999.00 -9999.00 -9999.00 -9999.00 -9999.00 -9999.00 -9999.00 -9999.00 -9999.00 -9999.00 -9999.00 -9999.00 -9999.00 -9999.00 -9999.00 -9999.00 -9999.00 -9999.00 -9999.00 -9999.00 -9999.00 -9999.00 -9999.00 -9999.00 -9999.00 -9999.00 -9999.00 -9999.00 -9999.00 -9999.00 -9999.00 -9999.00 -9999.00 -9999.00 -9999.00 -9999.00 22.69 25.74 22.73 21.71 21.21 21.81 21.37 18.33 22.91 20.18 23.85 25.69 26.16 26.28 24.65 15.34 19.62 23.15 22.44 20.18 21.32 22.59 24.77 23.76 24.96 24.15 20.60 22.07 21.51 23.45 23.56 25.47
-9999.00 -9999.00 -9999.00 -9999.00 -9999.00 -9999.00 -9999.00 -9999.00 -9999.00 -9999.00 -9999.00 -9999.00 -9999.00 -9999.00 -9999.00 -9999.00 -9999.00 -9999.00 -9999.00 -9999.00 -9999.00 -9999.00 -9999.00 -9999.00 -9999.00 -9999.00 -9999.00 -9999.00 -9999.00 -9999.00 -9999.00 -9999.00 -9999.00 -9999.00 -9999.00 -9999.00 -9999.00 -9999.00 -9999.00 -9999.00 -9999.00 -9999.00 23.84 21.60 24.23 25.73 20.89 23.17 20.43 19.34 12.20 10.16 13.09 23.37 23.89 23.97 25.39 20.19 24.91 16.60 17.89 19.69 20.78 20.18 21.38 22.79 21.75 23.07 23.69 22.24 20.80 21.63 22.55 19.76 22.24 23.79
-9999.00 -9999.00 -9999.00 -9999.00 -9999.00 -9999.00 -9999.00 -9999.00 -9999.00 -9999.00 -9999.00 -9999.00 -9999.00 -9999.00 -9999.00 -9999.00 -9999.00 -9999.00 -9999.00 -9999.00 -9999.00 -9999.00 -9999.00 -9999.00 -9999.00 -9999.00 -9999.00 -9999.00 -9999.00 -9999.00 -9999.00 -9999.00 -9999.00 -9999.00 -9999.00 -9999.00 -9999.00 -9999.00 -9999.00 -9999.00 -9999.00 22.55 23.08 21.09 23.89 24.91 22.18 22.12 19.03 12.44 11.15 21.95 15.38 23.53 19.56 22.13 23.24 13.00 19.43 17.54 17.41 18.87 21.63 19.67 21.30 20.15 21.44 22.61 22.23 19.76 21.08 23.38 25.25 22.46 16.65 23.43
-9999.00 -9999.00 -9999.00 -9999.00 -9999.00 -9999.00 -9999.00 -9999.00 -9999.00 -9999.00 -9999.00 -9999.00 -9999.00 -9999.00 -9999.00 -9999.00 -9999.00 -9999.00 -9999.00 -9999.00 -9999.00 -9999.00 -9999.00 -9999.00 -9999.00 -9999.00 -9999.00 -9999.00 -9999.00 -9999.00 -9999.00 -9999.00 -9999.00 -9999.00 -9999.00 -9999.00 -9999.00 -9999.00 -9999.00 -9999.00 -9999.00 20.78 21.36 22.12 24.03 21.93 20.80 20.46 18.43 21.16 21.08 24.74 22.28 17.67 14.92 20.41 15.34 16.55 19.34 16.45 16.63 18.61 21.83 20.25 18.75 20.03 21.19 21.49 22.19 19.23 21.09 23.60 24.45 25.01 25.70 21.04
-9999.00 -9999.00 -9999.00 -9999.00 -9999.00 -9999.00 -9999.00 -9999.00 -9999.00 -9999.00 -9999.00 -9999.00 -9999.00 -9999.00 -9999.00 -9999.00 -9999.00 -9999.00 -9999.00 -9999.00 -9999.00 -9999.00 -9999.00 -9999.00 -9999.00 -9999.00 -9999.00 -9999.00 -9999.00 -9999.00 -9999.00 -9999.00 -9999.00 -9999.00 -9999.00 -9999.00 -9999.00 -9999.00 -9999.00 -9999.00 -9999.00 19.86 21.04 22.73 22.69 20.74 21.70 22.31 24.20 23.35 24.27 24.48 23.74 19.28 22.49 17.44 12.29 16.70 16.44 16.68 17.47 19.39 22.69 17.81 22.09 20.25 20.69 21.25 20.06 16.81 20.88 22.64 23.59 23.70 25.24 21.65
-9999.00 -9999.00 -9999.00 -9999.00 -9999.00 -9999.00 -9999.00 -9999.00 -9999.00 -9999.00 -9999.00 -9999.00 -9999.00 -9999.00 -9999.00 -9999.00 -9999.00 -9999.00 -9999.00 -9999.00 -9999.00 -9999.00 -9999.00 -9999.00 -9999.00 -9999.00 -9999.00 -9999.00 -9999.00 -9999.00 -9999.00 -9999.00 -9999.00 -9999.00 -9999.00 -9999.00 -9999.00 -9999.00 -9999.00 -9999.00 -9999.00 20.98 20.00 20.59 22.29 19.55 21.40 24.40 22.49 24.63 25.33 23.82 23.52 24.88 23.05 19.28 14.76 16.57 15.05 17.13 18.03 19.69 19.40 17.31 19.91 19.88 21.30 17.78 23.53 10.74 20.98 19.06 21.73 23.66 20.99 21.43
-9999.00 -9999.00 -9999.00 -9999.00 -9999.00 -9999.00 -9999.00 -9999.00 -9999.00 -9999.00 -9999.00 -9999.00 -9999.00 -9999.00 -9999.00 -9999.00 -9999.00 -9999.00 -9999.00 -9999.00 -9999.00 -9999.00 -9999.00 -9999.00 -9999.00 -9999.00 -9999.00 -9999.00 -9999.00 -9999.00 -9999.00 -9999.00 -9999.00 -9999.00 -9999.00 -9999.00 -9999.00 -9999.00 -9999.00 -9999.00 -9999.00 20.52 20.68 19.75 21.51 17.94 17.32 20.31 22.56 24.51 25.12 22.29 23.49 22.33 20.84 16.38 15.73 16.63 23.40 13.22 17.50 18.84 16.67 19.92 20.69 24.26 21.24 24.85 24.96 24.56 19.05 23.19 17.89 21.03 18.06 18.57
-9999.00 -9999.00 -9999.00 -9999.00 -9999.00 -9999.00 -9999.00 -9999.00 -9999.00 -9999.00 -9999.00 -9999.00 -9999.00 -9999.00 -9999.00 -9999.00 -9999.00 -9999.00 -9999.00 -9999.00 -9999.00 -9999.00 -9999.00 -9999.00 -9999.00 -9999.00 -9999.00 -9999.00 -9999.00 -9999.00 -9999.00 -9999.00 -9999.00 -9999.00 -9999.00 -9999.00 -9999.00 -9999.00 -9999.00 -9999.00 -9999.00 19.74 21.06 17.96 18.59 22.85 23.75 23.52 21.18 23.58 24.45 21.60 18.70 11.87 11.84 10.23 8.25 25.08 25.38 20.84 21.16 18.78 17.52 21.17 21.47 20.99 21.69 23.39 24.80 21.16 20.12 24.81 24.22 20.06 11.67 17.62
-9999.00 -9999.00 -9999.00 -9999.00 -9999.00 -9999.00 -9999.00 -9999.00 -9999.00 -9999.00 -9999.00 -9999.00 -9999.00 -9999.00 -9999.00 -9999.00 -9999.00 -9999.00 -9999.00 -9999.00 -9999.00 -9999.00 -9999.00 -9999.00 -9999.00 -9999.00 -9999.00 -9999.00 -9999.00 -9999.00 -9999.00 -9999.00 -9999.00 -9999.00 -9999.00 -9999.00 -9999.00 -9999.00 -9999.00 -9999.00 21.19 18.31 13.74 15.74 19.93 25.21 24.58 25.97 19.29 20.69 18.05 12.65 12.76 12.48 9.24 9.14 21.52 25.11 23.31 23.02 21.59 19.52 18.64 20.62 21.53 21.78 21.80 22.42 22.51 17.56 18.39 18.91 22.73 21.50 24.81 23.25
-9999.00 -9999.00 -9999.00 -9999.00 -9999.00 -9999.00 -9999.00 -9999.00 -9999.00 -9999.00 -9999.00 -9999.00 -9999.00 -9999.00 -9999.00 -9999.00 -9999.00 -9999.00 -9999.00 -9999.00 -9999.00 -9999.00 -9999.00 -9999.00 -9999.00 -9999.00 -9999.00 -9999.00 -9999.00 -9999.00 -9999.00 -9999.00 -9999.00 -9999.00 -9999.00 -9999.00 -9999.00 21.23 23.57 21.72 23.76 16.24 20.90 23.67 23.23 22.84 21.41 23.07 23.98 18.81 25.08 24.16 24.29 24.40 24.28 12.41 16.92 12.05 20.26 20.56 19.56 18.98 17.87 18.52 19.44 20.03 18.79 18.43 14.70 25.50 24.38 24.20 23.16 25.91 24.37 23.87
-9999.00 -9999.00 -9999.00 -9999.00 -9999.00 -9999.00 -9999.00 -9999.00 -9999.00 -9999.00 -9999.00 -9999.00 -9999.00 -9999.00 -9999.00 -9999.00 -9999.00 -9999.00 -9999.00 -9999.00 -9999.00 -9999.00 -9999.00 -9999.00 -9999.00 -9999.00 -9999.00 -9999.00 -9999.00 -9999.00 23.05 22.94 25.14 19.37 22.47 22.97 21.66 22.16 22.97 23.18 18.31 24.15 22.14 24.57 26.14 21.82 11.30 20.18 20.06 24.01 20.75 21.43 22.76 23.89 22.53 22.32 14.68 24.71 13.60 20.16 19.82 20.03 17.59 18.24 19.14 19.35 18.15 14.74 22.62 26.03 25.78 25.11 23.48 22.99 25.83 24.33
-9999.00 -9999.00 -9999.00 -9999.00 -9999.00 -9999.00 -9999.00 -9999.00 -9999.00 -9999.00 -9999.00 -9999.00 -9999.00 -9999.00 -9999.00 -9999.00 -9999.00 -9999.00 -9999.00 -9999.00 -9999.00 -9999.00 -9999.00 -9999.00 -9999.00 -9999.00 -9999.00 -9999.00 -9999.00 -9999.00 23.63 14.00 20.30 13.86 13.54 13.32 13.08 12.29 10.34 14.27 9.70 8.64 23.53 25.05 25.29 12.41 19.37 16.40 24.12 24.50 23.10 24.30 19.81 22.32 25.25 23.79 24.89 17.66 14.87 16.67 19.50 20.20 17.53 18.13 17.95 19.09 15.38 22.95 26.01 25.89 24.28 25.51 26.33 26.34 24.43 25.34
-9999.00 -9999.00 -9999.00 -9999.00 -9999.00 -9999.00 -9999.00 -9999.00 -9999.00 -9999.00 -9999.00 -9999.00 -9999.00 -9999.00 -9999.00 -9999.00 -9999.00 -9999.00 -9999.00 -9999.00 -9999.00 -9999.00 -9999.00 -9999.00 -9999.00 -9999.00 -9999.00 -9999.00 -9999.00 -9999.00 -9999.00 22.18 23.85 14.42 13.81 13.60 13.04 9.85 26.38 25.81 26.01 22.34 16.62 23.53 24.16 19.69 18.45 23.86 23.90 25.92 24.87 24.62 25.04 20.34 24.72 23.96 25.91 15.76 13.51 15.61 18.01 21.31 17.84 18.09 17.33 15.92 23.76 26.06 22.92 23.03 23.93 25.41 25.85 26.49 24.09 24.95
-9999.00 -9999.00 -9999.00 -9999.00 -9999.00 -9999.00 -9999.00 -9999.00 -9999.00 -9999.00 -9999.00 -9999.00 -9999.00 -9999.00 -9999.00 -9999.00 -9999.00 -9999.00 -9999.00 -9999.00 -9999.00 -9999.00 -9999.00 -9999.00 -9999.00 -9999.00 -9999.00 -9999.00 -9999.00 -9999.00 -9999.00 20.59 13.58 13.45 13.75 13.56 10.79 12.48 16.75 14.08 25.04 23.15 15.92 19.79 20.21 15.39 23.51 25.24 21.99 23.14 21.93 25.00 24.72 20.89 21.09 22.30 23.28 24.49 24.13 14.23 17.82 19.78 14.95 16.76 16.80 15.73 23.72 24.94 18.99 21.43 22.97 24.21 24.97 25.14 22.43 24.65
-9999.00 -9999.00 -9999.00 -9999.00 -9999.00 -9999.00 -9999.00 -9999.00 -9999.00 -9999.00 -9999.00 -9999.00 -9999.00 -9999.00 -9999.00 -9999.00 -9999.00 -9999.00 -9999.00 -9999.00 -9999.00 -9999.00 -9999.00 -9999.00 -9999.00 -9999.00 -9999.00 -9999.00 -9999.00 -9999.00 -9999.00 22.93 21.33 22.59 23.57 12.29 13.64 13.47 23.46 22.60 24.57 25.99 10.03 20.12 18.56 23.90 23.21 23.37 24.47 19.87 20.71 12.47 15.82 18.40 15.38 20.97 21.96 24.14 22.88 14.26 19.14 20.38 18.22 17.79 18.60 16.45 17.38 22.53 22.31 18.94 20.44 21.99 22.03 24.04 21.04 21.18
-9999.00 -9999.00 -9999.00 -9999.00 -9999.00 -9999.00 -9999.00 -9999.00 -9999.00 -9999.00 -9999.00 -9999.00 -9999.00 -9999.00 -9999.00 -9999.00 -9999.00 -9999.00 -9999.00 -9999.00 -9999.00 -9999.00 -9999.00 -9999.00 -9999.00 -9999.00 -9999.00 -9999.00 -9999.00 -9999.00 -9999.00 24.28 22.93 26.08 23.94 21.37 13.88 14.05 25.28 25.78 23.62 25.23 14.45 17.15 11.32 12.57 19.49 20.89 24.07 22.91 25.74 20.50 23.02 11.10 24.87 24.61 21.60 22.27 23.20 14.11 17.35 19.51 18.19 16.84 18.30 17.05 19.04 20.78 21.56 20.50 17.92 19.52 18.86 22.64 19.49 13.14
-9999.00 -9999.00 -9999.00 -9999.00 -9999.00 -9999.00 -9999.00 -9999.00 -9999.00 -9999.00 -9999.00 -9999.00 -9999.00 -9999.00 -9999.00 -9999.00 -9999.00 -9999.00 -9999.00 -9999.00 -9999.00 -9999.00 -9999.00 -9999.00 -9999.00 -9999.00 -9999.00 -9999.00 -9999.00 -9999.00 -9999.00 25.88 26.64 25.48 24.01 21.93 18.20 19.75 25.85 25.98 23.38 19.31 22.88 10.16 8.66 11.83 25.20 22.95 25.39 24.97 25.71 26.50 25.08 10.14 22.57 23.77 13.06 12.61 10.34 8.64 7.96 10.78 12.09 12.63 18.72 15.48 16.80 21.22 21.00 12.68 17.08 23.40 23.19 20.05 13.85 19.75
-9999.00 -9999.00 -9999.00 -9999.00 -9999.00 -9999.00 -9999.00 -9999.00 -9999.00 -9999.00 -9999.00 -9999.00 -9999.00 -9999.00 -9999.00 -9999.00 -9999.00 -9999.00 -9999.00 -9999.00 -9999.00 -9999.00 -9999.00 -9999.00 -9999.00 -9999.00 -9999.00 -9999.00 -9999.00 -9999.00 -9999.00 23.76 27.13 24.27 23.10 20.15 23.49 21.75 24.80 21.91 22.80 22.54 24.91 14.71 10.88 8.14 12.89 23.31 25.00 26.04 24.92 25.88 24.14 14.82 11.38 12.16 12.55 12.03 11.12 9.34 19.91 18.03 23.75 14.47 7.65 11.81 7.48 12.96 13.78 15.93 15.21 17.55 20.35 11.39 15.58 14.22
-9999.00 -9999.00 -9999.00 -9999.00 -9999.00 -9999.00 -9999.00 -9999.00 -9999.00 -9999.00 -9999.00 -9999.00 -9999.00 -9999.00 -9999.00 -9999.00 -9999.00 -9999.00 -9999.00 -9999.00 -9999.00 -9999.00 -9999.00 -9999.00 -9999.00 -9999.00 -9999.00 -9999.00 -9999.00 -9999.00 22.32 26.45 25.90 23.17 21.86 24.50 22.97 21.21 11.93 16.90 14.83 24.55 25.72 23.33 23.28 24.28 8.06 13.63 24.90 23.13 25.47 25.51 21.96 14.52 14.52 12.49 11.98 10.58 20.01 21.64 21.82 25.90 24.11 21.51 22.12 24.00 23.10 21.22 22.98 14.49 13.70 14.79 15.41 12.49 13.34 13.76
-9999.00 -9999.00 -9999.00 -9999.00 -9999.00 -9999.00 -9999.00 -9999.00 -9999.00 -9999.00 -9999.00 -9999.00 -9999.00 -9999.00 -9999.00 -9999.00 -9999.00 -9999.00 -9999.00 -9999.00 21.83 20.58 20.83 22.34 23.68 23.79 22.29 23.55 24.61 22.39 23.69 26.13 21.23 13.65 19.50 20.02 20.40 19.16 21.41 21.01 15.71 22.06 25.78 26.35 25.17 25.97 19.99 8.02 13.94 23.48 23.13 25.32 24.89 25.07 24.33 12.59 25.20 23.64 22.05 23.01 21.65 25.91 23.48 24.76 22.18 26.11 26.14 23.39 25.93 19.40 14.05 7.64 11.23 20.96 23.16 22.84
-9999.00 -9999.00 -9999.00 -9999.00 -9999.00 -9999.00 -9999.00 -9999.00 -9999.00 -9999.00 -9999.00 -9999.00 -9999.00 -9999.00 -9999.00 -9999.00 -9999.00 -9999.00 -9999.00 23.45 24.49 21.91 20.20 21.22 13.47 11.61 12.36 12.60 17.85 21.76 22.91 23.16 24.10 24.94 24.04 24.09 21.77 24.01 24.52 24.32 22.43 11.14 11.06 16.83 10.59 15.34 24.67 24.90 9.73 14.69 15.25 15.49 14.84 24.00 26.10 25.84 18.61 19.20 22.90 25.81 26.78 19.99 23.89 24.50 21.85 13.27 19.85 20.23 20.06 18.03 20.72 20.91 19.89 21.41 24.69 23.69
-9999.00 -9999.00 -9999.00 -9999.00 -9999.00 -9999.00 -9999.00 -9999.00 -9999.00 -9999.00 -9999.00 -9999.00 -9999.00 -9999.00 -9999.00 -9999.00 24.55 22.24 23.50 21.95 20.29 15.33 19.26 16.61 22.72 23.32 12.06 24.76 16.67 13.88 22.69 23.25 22.33 23.97 24.09 25.03 25.01 25.23 21.81 25.38 22.40 24.13 22.48 23.15 12.68 10.09 15.33 11.44 10.58 11.39 14.78 14.86 14.68 22.61 24.30 23.93 17.77 20.37 20.24 18.76 12.80 20.78 19.87 21.50 22.21 24.21 23.16 22.04 19.69 19.11 21.65 23.04 21.26 23.89 19.46 20.98
-9999.00 -9999.00 -9999.00 -9999.00 -9999.00 -9999.00 -9999.00 -9999.00 -9999.00 -9999.00 -9999.00 -9999.00 -9999.00 -9999.00 -9999.00 -9999.00 25.74 23.35 21.78 20.19 17.59 21.49 17.25 13.54 23.26 24.28 22.90 24.33 23.98 17.43 21.55 19.62 17.87 21.48 24.10 23.29 24.79 25.86 22.54 21.16 23.30 21.38 21.47 21.10 14.04 13.46 10.93 11.41 10.92 11.38 12.84 14.52 14.67 14.69 10.59 15.45 24.11 24.70 24.88 24.19 22.88 25.03 23.19 21.39 21.98 22.67 22.42 19.95 19.45 20.01 24.60 25.24 23.82 26.57 24.57 20.73
-9999.00 -9999.00 -9999.00 -9999.00 -9999.00 -9999.00 -9999.00 -9999.00 -9999.00 -9999.00 -9999.00 -9999.00 -9999.00 -9999.00 -9999.00 -9999.00 25.15 21.21 20.12 17.76 24.09 20.29 15.74 9.52 22.59 20.77 24.32 25.70 23.18 24.53 24.05 22.78 22.42 15.45 19.13 21.43 22.87 23.84 19.34 21.70 19.72 18.62 21.16 18.11 22.69 20.85 9.53 10.76 11.11 11.43 12.39 13.72 14.38 11.74 21.34 22.22 22.95 24.22 25.28 25.62 25.08 26.16 24.24 24.73 24.67 23.31 21.18 23.54 24.89 20.51 25.60 26.68 25.72 26.62 25.94 24.48
