Data/ASC_file/zhimenda_VadoseZoneDepth.asc
ncols           679
          nrows           333
          xllcorner      90.54720
          yllcorner      32.43537
          cellsize        0.01000
        NODATA_value  -9999.00000
[rows 279 to 309 of 333, columns 284 to 354 of 679]
523.63 463.89 863.45 783.11 522.34 498.83 492.76 378.30 293.74 775.61 455.63 389.20 791.97 311.49 277.67 529.01 568.67 534.71 813.94 836.73 894.07 931.10 900.52 944.75 986.11 883.06 940.73 911.21 979.61 928.42 943.25 846.74 779.94 892.31 799.86 904.25 150.42 366.94 385.83 384.08 379.80 376.23 368.99 352.78 330.93 420.93 623.66 927.34 916.66 477.15 765.98 854.89 749.10 747.50 525.46 872.50 870.08 752.63 767.34 777.87 816.97 892.86 916.70 885.55 783.96 825.19 921.30 649.37 706.46 675.17 668.98
540.79 507.62 472.13 465.14 460.07 470.03 352.20 317.07 507.79 803.54 849.31 829.09 903.92 873.27 835.57 276.87 524.96 511.30 729.89 801.60 888.99 845.58 869.07 893.63 943.58 838.49 818.94 872.40 879.63 941.73 973.57 858.14 978.17 940.51 859.49 797.95 284.71 157.62 368.52 387.94 385.75 380.39 372.72 363.29 363.25 925.23 855.80 806.09 951.21 667.47 787.40 753.55 920.73 878.37 836.91 900.57 915.94 802.25 951.68 826.58 907.11 968.30 978.81 923.98 959.01 916.78 952.22 816.60 431.50 542.41 627.03
511.97 495.52 462.21 425.36 900.12 303.79 927.04 907.03 739.62 809.11 657.92 873.03 937.71 938.70 859.22 536.96 275.04 479.60 708.78 729.48 708.60 754.77 837.00 841.08 892.33 743.18 829.77 897.90 830.85 928.44 974.83 965.91 962.53 958.16 895.67 779.20 300.27 314.29 165.97 371.92 408.13 413.79 426.83 826.08 888.78 922.62 923.29 874.90 741.96 829.86 866.86 890.49 948.51 947.84 897.77 947.57 914.81 946.12 848.40 892.49 949.03 919.52 901.06 908.80 940.21 876.16 805.83 915.62 931.39 858.21 593.04
463.85 419.08 446.00 420.25 315.20 449.94 431.95 849.34 835.76 764.64 861.61 935.80 867.47 869.37 701.36 527.94 514.06 272.91 668.97 656.31 365.61 382.80 273.70 759.71 846.68 461.49 751.71 786.49 827.04 919.77 882.24 968.47 899.25 939.69 922.99 800.52 289.53 335.36 487.10 169.25 360.59 448.16 532.90 538.20 907.88 537.05 676.75 482.93 866.85 923.92 911.09 898.46 926.29 876.56 887.21 940.45 857.61 829.41 853.02 904.09 693.78 689.49 816.84 827.33 889.44 756.38 774.77 713.49 445.12 707.92 541.63
366.72 754.71 466.94 344.15 442.75 575.78 474.45 815.44 687.78 879.26 913.20 907.11 754.96 645.27 834.87 546.93 525.18 491.22 323.48 315.22 755.80 284.86 279.69 258.17 411.20 787.34 484.73 533.82 819.43 794.18 894.99 814.68 879.09 883.12 859.15 912.84 271.02 503.94 512.02 493.47 171.95 319.59 414.69 512.03 487.59 884.96 946.03 756.89 786.31 934.90 919.45 738.13 699.40 779.81 839.05 856.67 820.29 759.01 978.88 945.54 786.33 885.74 764.98 798.28 739.96 804.49 761.35 794.32 594.08 639.18 835.56
918.03 869.53 892.12 392.46 892.72 732.54 556.04 434.98 821.17 884.97 922.83 810.84 797.98 886.55 853.79 512.69 486.15 460.19 374.96 309.00 239.20 490.87 776.13 767.05 828.91 436.97 793.47 346.91 553.67 295.35 780.37 364.87 299.98 744.14 753.44 218.82 490.15 513.32 517.03 516.56 496.06 176.23 271.93 353.77 577.34 587.97 935.73 927.80 819.62 782.75 787.25 709.02 863.65 726.72 682.50 774.80 647.53 926.39 966.78 905.93 946.22 917.08 840.61 706.43 750.95 771.87 845.52 602.43 654.86 779.59 742.42
625.89 702.28 391.94 394.24 875.38 884.83 871.21 827.78 704.15 877.07 898.49 860.33 950.62 906.62 867.85 532.48 529.51 352.06 638.48 542.87 488.61 502.43 504.31 706.94 829.79 398.06 287.11 391.31 299.47 312.75 313.80 335.64 329.27 287.47 219.08 492.52 512.72 517.79 522.85 523.76 515.15 503.23 191.34 226.17 288.96 592.30 894.96 925.14 900.98 946.99 705.15 895.63 986.16 742.17 844.35 600.22 825.39 965.42 868.51 892.39 878.21 843.81 786.15 867.24 751.06 490.95 460.35 581.65 657.72 763.22 758.26
742.45 728.41 685.15 599.60 622.72 415.25 894.68 942.98 802.89 912.28 957.06 947.20 949.63 941.66 931.66 861.04 674.12 565.46 683.25 528.18 552.24 583.89 790.54 792.52 659.57 696.87 802.20 774.80 371.51 347.62 344.85 341.93 332.02 250.91 503.29 514.90 516.02 523.49 530.46 531.05 526.71 502.11 814.89 813.26 183.32 236.88 897.01 826.43 935.37 887.98 687.52 965.96 932.00 970.98 674.15 626.68 942.34 901.02 856.21 845.09 826.85 799.55 774.49 730.07 760.50 448.08 452.80 455.47 268.77 326.09 339.82
704.46 782.30 792.70 639.42 655.84 636.96 641.05 902.79 870.01 831.08 777.23 748.94 791.80 871.01 939.92 873.71 591.41 635.31 651.36 604.28 475.13 805.99 777.24 773.64 720.97 792.71 736.23 744.14 683.81 432.68 398.83 370.95 290.73 519.32 525.91 517.26 518.61 530.08 540.62 538.10 534.70 524.99 471.30 574.90 265.98 884.66 184.71 820.82 917.38 740.42 913.04 899.56 904.07 835.14 236.34 859.62 918.07 821.79 909.62 486.01 443.87 456.97 769.73 686.94 484.85 833.38 436.71 233.38 300.23 316.78 308.64
787.85 820.32 739.45 759.39 826.98 936.87 899.81 589.26 421.89 432.89 452.73 812.43 753.90 676.59 884.90 802.24 675.19 678.77 605.53 641.45 710.70 262.47 776.53 948.19 928.57 936.96 885.08 641.35 504.48 526.10 465.75 353.13 533.37 548.57 532.51 518.81 520.16 538.45 556.88 546.61 536.39 550.51 555.22 851.82 845.92 233.19 588.81 184.55 217.75 217.85 218.46 218.11 218.17 218.00 238.22 238.29 219.03 272.59 448.76 883.05 831.02 821.64 631.88 861.11 497.10 485.09 284.46 840.02 888.52 851.88 789.05
831.80 812.86 832.35 761.41 830.23 750.97 651.47 700.60 773.61 773.03 642.29 713.92 511.19 915.20 945.11 849.72 681.52 875.06 609.68 598.94 472.81 456.71 824.91 712.07 962.38 841.08 793.19 645.69 792.55 521.33 401.30 535.06 569.01 563.56 543.12 518.90 519.13 552.46 583.49 564.94 529.22 706.38 892.42 892.39 897.98 940.38 233.13 728.38 915.70 900.47 799.53 852.66 921.22 889.68 808.22 861.34 742.54 204.84 240.81 844.28 383.65 834.00 856.02 857.41 487.53 335.09 250.14 465.76 624.09 833.86 794.06
934.16 938.05 831.57 824.05 860.87 800.42 840.46 707.46 755.38 803.31 661.93 795.34 799.25 887.57 895.52 822.31 879.17 892.15 617.88 568.60 540.16 574.92 569.65 827.02 971.43 868.92 777.46 883.46 680.73 430.91 513.95 806.33 777.50 789.40 661.70 520.15 507.93 869.12 856.64 763.67 743.42 704.08 942.43 977.11 956.68 879.23 401.08 886.22 795.42 952.50 905.57 871.30 945.69 767.17 861.33 426.04 338.76 896.65 746.79 359.26 836.64 188.97 867.79 693.01 363.14 234.69 463.68 474.72 607.38 427.42 454.65
707.92 751.42 939.52 864.19 886.83 931.08 881.20 794.42 759.71 764.07 850.09 817.79 555.48 482.04 912.52 933.08 895.22 660.70 566.18 532.20 572.80 687.75 587.52 876.61 966.96 875.91 924.43 891.33 780.54 693.19 765.86 881.01 859.72 817.71 809.61 791.59 720.64 764.54 896.34 865.25 818.87 715.44 911.88 897.09 794.44 419.83 839.25 737.99 780.34 891.36 769.46 912.07 860.88 901.82 397.27 359.25 815.46 946.07 936.73 918.55 868.75 300.45 199.14 854.44 227.60 478.39 503.33 512.75 887.90 872.77 400.78
807.37 790.05 905.58 808.46 910.57 913.63 899.57 760.52 815.86 888.83 853.00 795.48 576.33 542.88 396.33 263.58 736.51 544.16 569.48 581.73 764.54 665.94 616.86 857.64 899.72 903.04 953.47 943.49 767.76 756.13 975.25 945.47 912.58 867.61 928.38 849.85 710.95 815.08 882.17 844.93 762.56 818.13 786.34 858.83 241.31 359.21 902.03 870.76 873.90 851.79 550.57 405.51 511.83 517.89 715.32 887.46 915.76 878.42 946.07 883.32 275.17 405.83 420.02 200.50 325.47 441.17 544.35 564.53 555.81 887.59 649.06
613.25 762.06 817.58 908.30 824.81 784.75 713.13 890.74 918.74 949.35 863.90 856.03 580.23 371.97 269.85 789.53 261.88 824.11 660.16 800.15 756.37 698.52 616.16 708.69 895.64 922.47 967.78 958.88 849.29 745.15 817.61 864.47 926.99 908.14 985.98 833.02 740.45 862.12 873.56 782.79 513.35 516.51 677.83 439.37 531.05 617.00 575.95 733.63 845.27 558.53 775.23 775.55 846.70 905.00 630.61 834.96 864.63 833.14 833.57 279.91 749.82 392.61 463.59 470.32 262.16 298.20 383.24 939.10 952.71 797.74 972.65
685.69 781.84 832.90 765.40 922.44 877.66 785.28 874.63 860.21 896.29 924.71 827.09 321.67 284.37 710.82 800.31 683.69 797.99 822.97 804.42 774.48 755.21 704.09 657.84 719.01 951.99 970.57 945.23 921.39 948.81 803.08 820.22 942.36 803.06 736.67 887.82 871.72 818.25 911.69 816.75 893.34 838.03 673.45 397.43 917.85 817.71 621.27 779.99 405.37 471.08 814.25 839.43 891.19 945.97 776.43 505.50 513.65 733.96 576.86 330.55 345.15 418.43 507.85 496.84 459.65 825.17 252.32 331.41 870.81 966.84 940.63
697.42 941.53 896.75 925.42 956.63 880.35 950.68 895.98 816.45 805.98 684.11 452.70 645.40 722.65 719.81 716.69 731.78 901.98 828.05 821.43 774.39 742.22 737.95 697.72 718.99 866.46 783.32 712.30 654.15 884.32 862.58 840.94 929.53 882.33 898.67 933.41 852.68 729.66 830.05 896.18 834.22 739.87 378.73 727.07 882.49 884.35 834.35 589.48 618.76 653.65 899.86 900.11 864.49 892.73 425.90 503.83 709.83 856.43 644.74 537.30 550.63 872.66 665.63 479.89 743.65 501.59 396.95 448.23 805.68 919.57 826.22
721.95 665.35 904.36 973.08 869.28 931.12 907.22 881.00 895.52 836.18 383.51 584.32 685.99 760.27 768.78 734.12 941.29 940.99 874.40 862.73 803.82 766.96 812.25 724.91 891.32 622.92 459.12 502.80 777.79 901.93 808.86 627.54 873.61 784.78 831.05 982.39 821.14 617.11 810.86 732.25 646.41 545.35 381.22 876.32 657.52 860.46 843.53 622.14 670.38 724.59 921.62 902.89 613.83 660.58 775.85 786.85 767.32 860.68 546.04 547.21 513.15 668.41 608.45 768.93 773.02 733.27 582.54 548.86 461.02 749.53 268.61
821.82 875.61 889.07 902.75 802.61 820.25 837.48 839.53 809.77 450.44 791.79 776.70 731.81 736.94 947.70 619.85 893.45 950.43 879.78 818.55 760.85 849.40 779.13 771.15 879.97 716.03 765.82 478.36 837.06 924.24 658.23 812.39 681.60 766.42 811.91 965.10 722.38 837.76 758.84 593.98 556.52 386.63 634.19 668.16 632.20 799.94 627.78 703.96 703.31 753.02 919.14 807.82 720.93 756.83 781.30 888.17 778.91 787.56 849.37 514.62 547.08 751.04 753.16 766.60 899.32 846.82 715.20 601.99 564.98 435.43 730.19
770.18 936.12 982.46 929.69 974.70 885.25 824.84 710.25 462.44 696.69 846.13 821.91 846.38 725.55 741.39 653.19 846.44 903.09 830.01 769.19 860.48 785.18 820.50 837.89 823.82 848.65 863.86 790.46 721.25 788.88 773.65 786.66 960.86 979.75 966.78 889.42 861.41 815.89 550.29 587.08 487.30 517.25 569.58 685.07 731.96 772.12 596.73 644.75 784.48 879.42 723.21 805.51 838.42 870.77 786.10 767.87 860.82 362.65 687.43 478.73 730.04 744.93 820.70 856.19 850.12 409.59 850.41 624.81 607.22 613.17 837.84
830.12 696.94 851.86 892.81 742.85 464.70 311.90 419.81 839.23 879.50 898.04 880.09 988.19 977.67 995.09 619.77 952.57 960.84 961.90 952.91 963.21 946.60 898.27 862.22 915.40 900.36 939.77 935.71 727.02 891.70 720.25 664.75 651.68 844.10 855.21 878.48 301.16 419.33 495.45 473.86 616.80 653.57 655.84 831.60 688.81 908.91 746.55 874.54 868.10 918.18 909.61 882.71 912.94 680.24 691.19 453.64 623.37 551.93 476.98 310.95 781.62 707.09 795.91 845.30 903.08 648.72 903.51 857.32 589.68 868.39 917.06
751.27 886.30 766.21 804.66 411.98 516.49 649.76 749.46 850.73 908.99 961.80 812.49 713.71 830.35 953.43 636.25 853.21 551.70 876.66 883.44 910.34 887.18 775.05 798.43 767.88 462.64 805.91 680.64 879.09 740.92 751.97 615.94 471.30 330.97 304.51 491.46 528.36 570.34 610.37 648.15 611.67 641.91 594.42 791.45 762.00 695.35 632.41 835.48 920.71 939.82 940.60 894.04 845.33 793.00 761.62 831.22 636.55 853.79 522.81 808.63 730.46 794.61 838.44 848.17 848.09 680.76 630.85 860.13 324.95 718.54 735.84
899.87 822.83 771.18 717.92 534.50 653.62 807.46 819.27 922.29 965.28 965.71 976.11 944.56 904.41 857.15 659.99 908.17 771.97 911.56 854.95 819.52 775.47 887.18 789.36 904.60 814.19 587.30 809.61 694.49 727.78 670.96 700.24 596.92 592.19 498.85 559.76 825.10 712.35 693.22 627.19 637.70 676.76 588.31 790.63 731.60 745.44 722.51 890.31 747.68 871.26 901.15 942.82 938.36 749.51 850.54 753.84 531.61 880.60 316.04 343.08 816.04 813.15 844.05 889.96 810.78 885.20 701.54 759.69 486.45 823.85 701.24
844.65 832.90 708.74 500.63 597.54 801.97 822.59 856.78 960.13 995.66 958.76 950.68 969.84 980.87 677.22 674.21 907.37 756.07 846.63 811.07 487.55 691.12 825.68 718.33 860.96 906.20 909.67 879.90 826.78 855.76 691.20 857.37 885.98 580.68 527.55 620.61 775.33 810.59 672.92 667.31 754.08 676.76 601.67 744.71 837.15 798.26 833.22 697.69 493.60 718.65 728.10 870.19 861.78 932.07 665.84 561.65 932.44 491.54 522.97 730.81 720.17 735.92 834.54 884.46 891.66 837.95 644.81 486.59 525.27 748.33 782.50
691.22 625.46 399.25 685.19 796.04 870.21 914.71 903.92 850.37 927.98 941.90 901.86 843.34 676.03 660.22 777.45 829.45 913.00 856.72 778.77 912.35 918.69 768.92 606.99 656.20 879.42 917.40 947.70 901.56 897.92 776.34 811.45 539.17 594.06 610.68 659.02 849.47 863.40 809.16 627.04 898.30 612.55 647.39 827.47 867.86 839.73 854.40 859.84 745.29 832.57 710.14 452.13 624.29 670.04 740.57 592.39 889.19 860.68 472.57 842.39 791.00 775.63 823.01 869.51 922.65 829.19 732.82 564.43 575.70 786.10 759.16
682.79 702.96 536.52 694.85 872.43 892.91 913.97 973.15 947.34 941.57 927.20 838.51 577.71 780.36 846.65 776.57 900.47 906.57 767.13 920.86 707.82 728.15 574.09 604.95 437.38 719.73 796.88 936.84 933.08 754.74 823.72 857.32 489.88 851.81 754.70 678.49 893.50 849.19 801.80 805.42 603.38 543.43 670.05 871.92 942.41 919.93 827.07 870.58 836.78 877.20 723.30 745.30 671.43 826.58 833.40 637.04 895.22 845.50 546.30 915.70 788.24 902.72 820.97 902.41 929.28 834.71 713.75 470.60 607.99 808.03 773.54
624.37 520.93 617.40 797.03 925.12 887.99 913.58 787.22 937.16 874.51 847.33 716.64 734.55 803.65 935.05 945.28 905.31 788.83 930.64 840.30 802.52 720.87 872.59 541.62 708.44 518.44 528.34 846.74 780.95 304.08 462.22 273.33 395.53 860.93 721.12 699.33 909.66 852.30 881.06 879.17 908.34 585.80 938.13 797.31 937.87 968.95 869.90 907.09 872.63 837.30 914.23 754.25 704.05 797.22 775.16 717.36 872.34 862.60 539.38 844.81 828.28 732.09 836.34 918.98 915.54 827.07 774.84 606.39 540.32 855.01 775.56
559.91 648.46 609.74 857.41 995.84 962.44 916.91 909.12 857.68 890.09 785.68 728.64 792.71 922.52 1002.06 921.33 890.18 968.68 912.17 800.78 523.91 339.30 518.43 592.48 693.35 606.59 572.87 306.42 456.78 843.42 791.43 367.55 727.19 857.74 766.86 594.17 864.64 914.59 902.12 927.56 493.82 921.34 908.73 870.54 889.33 808.47 890.41 952.76 921.69 961.88 763.58 739.74 723.13 798.38 753.11 812.01 919.28 844.25 740.75 441.42 517.41 848.22 934.60 939.29 876.87 798.44 906.78 560.47 624.75 914.47 899.03
724.43 582.83 762.74 813.98 997.49 876.48 975.82 972.96 954.45 821.56 852.08 933.80 838.10 894.11 953.08 817.93 925.15 898.60 887.15 831.01 618.84 563.50 716.97 709.73 744.97 603.08 665.66 722.51 732.49 803.00 727.04 635.32 760.29 668.37 865.49 672.87 656.37 824.52 782.14 868.96 528.56 747.29 605.96 862.96 663.99 494.01 910.68 950.93 946.54 796.43 741.73 765.52 716.45 798.04 823.16 879.19 877.47 825.65 743.07 878.05 281.36 839.12 873.51 910.60 815.70 887.66 875.92 523.84 833.93 879.90 758.44
340.18 606.16 765.17 963.70 779.06 990.22 1013.29 991.89 832.05 972.65 990.71 954.76 883.36 829.83 945.99 959.30 885.46 861.49 878.85 806.19 575.23 633.99 676.14 701.08 894.97 686.76 672.19 716.59 732.96 782.61 777.63 753.58 703.63 824.64 870.48 701.06 791.41 619.73 407.65 610.12 634.33 474.92 806.01 556.80 945.26 782.03 812.13 533.34 903.75 932.35 802.55 812.72 768.38 827.44 820.89 889.04 875.04 727.00 869.19 716.99 516.72 792.08 839.91 879.06 841.48 838.56 882.81 471.65 303.52 485.84 700.58
785.61 880.76 848.52 829.94 898.14 725.58 829.99 963.83 950.15 916.36 995.96 960.78 949.80 856.26 924.01 827.65 823.00 820.29 807.94 900.44 583.62 713.07 947.05 973.65 950.92 875.29 659.70 811.57 969.20 946.67 969.39 904.33 793.01 895.53 823.41 902.77 945.89 945.38 688.55 879.51 851.07 846.84 920.79 602.47 348.25 953.47 952.42 845.45 977.77 959.36 873.31 807.86 954.58 941.79 979.36 873.25 875.73 959.10 870.19 622.65 596.96 292.96 600.58 787.83 757.62 760.55 749.17 750.56 479.29 308.80 801.73
