Data/ASC_file/zhimenda_FlowAccumulationArea.asc
ncols           679
          nrows           333
          xllcorner      90.54720
          yllcorner      32.43537
          cellsize        0.01000
        NODATA_value  -9999.00000
[rows 216 to 251 of 333, columns 243 to 323 of 679]
2.00 6.00 0.00 4.00 1.00 1.00 0.00 17.00 0.00 0.00 4.00 0.00 22.00 8.00 11.00 2.00 2.00 0.00 17.00 0.00 1.00 17.00 13.00 1.00 0.00 4.00 0.00 6.00 3.00 2.00 0.00 0.00 16.00 0.00 6.00 2.00 6.00 11.00 0.00 0.00 5.00 2.00 3.00 0.00 6.00 0.00 4.00 2.00 2.00 4.00 11.00 0.00 3.00 6.00 1060.00 1.00 0.00 0.00 1.00 2.00 0.00 1.00 2.00 4.00 4.00 3.00 0.00 0.00 3.00 3.00 11.00 2.00 5.00 0.00 0.00 1.00 8.00 2.00 19.00 4.00 0.00
54.00 22.00 17.00 16.00 9.00 3.00 1.00 18.00 1.00 0.00 0.00 5.00 0.00 23.00 21.00 3.00 3.00 1.00 18.00 0.00 1.00 35.00 0.00 8.00 7.00 6.00 7.00 0.00 4.00 3.00 1.00 0.00 18.00 0.00 9.00 3.00 7.00 13.00 0.00 0.00 11.00 0.00 4.00 0.00 0.00 9.00 5.00 0.00 3.00 7.00 0.00 12.00 1.00 433.00 618.00 2.00 1.00 0.00 0.00 0.00 0.00 0.00 0.00 0.00 2.00 1.00 0.00 2.00 2.00 3.00 6.00 1.00 3.00 0.00 0.00 6.00 0.00 1.00 18.00 3.00 1.00
18.00 1.00 3.00 0.00 0.00 0.00 0.00 1.00 23.00 1.00 0.00 7.00 0.00 2.00 49.00 0.00 8.00 2.00 19.00 0.00 39.00 0.00 9.00 0.00 0.00 0.00 8.00 6.00 0.00 0.00 6.00 1.00 0.00 19.00 20.00 22.00 0.00 14.00 1.00 0.00 0.00 13.00 0.00 5.00 7.00 0.00 17.00 1.00 0.00 0.00 9.00 11.00 28.00 401.00 5.00 608.00 2.00 1.00 0.00 0.00 0.00 0.00 0.00 0.00 0.00 0.00 0.00 0.00 1.00 2.00 5.00 0.00 0.00 1.00 4.00 0.00 0.00 0.00 16.00 2.00 0.00
12.00 4.00 0.00 2.00 0.00 0.00 0.00 1.00 0.00 27.00 0.00 9.00 0.00 0.00 50.00 0.00 10.00 3.00 20.00 0.00 42.00 11.00 0.00 3.00 0.00 0.00 17.00 0.00 1.00 1.00 9.00 0.00 0.00 1.00 0.00 46.00 0.00 15.00 2.00 0.00 1.00 16.00 0.00 0.00 0.00 8.00 15.00 20.00 1.00 0.00 0.00 1.00 2.00 400.00 4.00 604.00 1.00 0.00 0.00 1.00 1.00 2.00 0.00 0.00 0.00 0.00 0.00 0.00 0.00 0.00 3.00 0.00 0.00 0.00 2.00 0.00 2.00 3.00 11.00 0.00 0.00
9.00 1.00 3.00 0.00 0.00 0.00 1.00 2.00 0.00 0.00 30.00 10.00 1.00 0.00 52.00 0.00 12.00 4.00 21.00 0.00 55.00 0.00 5.00 1.00 0.00 1.00 18.00 1.00 0.00 14.00 0.00 1.00 1.00 0.00 2.00 3.00 52.00 16.00 3.00 0.00 1.00 20.00 0.00 0.00 1.00 5.00 0.00 40.00 41.00 2.00 4.00 5.00 328.00 399.00 3.00 0.00 600.00 0.00 1.00 2.00 5.00 1.00 0.00 2.00 0.00 2.00 0.00 0.00 0.00 0.00 0.00 0.00 0.00 0.00 0.00 0.00 1.00 5.00 2.00 1.00 0.00
5.00 0.00 2.00 0.00 1.00 8.00 9.00 15.00 1.00 0.00 31.00 11.00 2.00 0.00 54.00 1.00 0.00 18.00 22.00 0.00 58.00 0.00 8.00 0.00 0.00 0.00 21.00 3.00 0.00 15.00 1.00 2.00 0.00 3.00 0.00 0.00 0.00 70.00 0.00 5.00 0.00 33.00 3.00 0.00 0.00 0.00 0.00 0.00 0.00 42.00 46.00 321.00 0.00 68.00 2.00 0.00 6.00 591.00 3.00 9.00 2.00 0.00 4.00 0.00 1.00 3.00 1.00 1.00 1.00 0.00 0.00 0.00 0.00 1.00 0.00 0.00 0.00 1.00 1.00 0.00 2.00
1.00 1.00 1.00 0.00 3.00 0.00 1.00 2.00 18.00 1.00 0.00 47.00 0.00 0.00 56.00 2.00 1.00 19.00 0.00 23.00 60.00 10.00 1.00 0.00 1.00 24.00 0.00 0.00 21.00 0.00 2.00 3.00 0.00 2.00 5.00 1.00 1.00 71.00 0.00 1.00 8.00 0.00 39.00 0.00 0.00 0.00 0.00 0.00 0.00 2.00 272.00 0.00 66.00 0.00 1.00 0.00 3.00 8.00 575.00 518.00 0.00 10.00 2.00 0.00 6.00 0.00 4.00 0.00 2.00 1.00 1.00 1.00 1.00 4.00 1.00 0.00 0.00 0.00 0.00 1.00 70.00
0.00 0.00 0.00 0.00 0.00 0.00 1.00 2.00 40.00 0.00 2.00 51.00 0.00 0.00 59.00 0.00 3.00 22.00 1.00 0.00 85.00 13.00 0.00 3.00 25.00 0.00 0.00 0.00 24.00 0.00 0.00 7.00 0.00 4.00 0.00 9.00 2.00 72.00 0.00 2.00 0.00 0.00 0.00 41.00 0.00 3.00 0.00 255.00 266.00 268.00 2.00 41.00 22.00 0.00 0.00 2.00 0.00 6.00 44.00 0.00 516.00 473.00 0.00 7.00 0.00 0.00 8.00 0.00 3.00 2.00 2.00 2.00 0.00 7.00 10.00 49.00 50.00 0.00 0.00 69.00 1.00
0.00 0.00 0.00 1.00 2.00 3.00 4.00 14.00 0.00 42.00 4.00 53.00 0.00 0.00 1.00 61.00 0.00 27.00 2.00 1.00 0.00 101.00 4.00 26.00 1.00 0.00 1.00 26.00 0.00 1.00 1.00 8.00 0.00 18.00 19.00 20.00 31.00 108.00 0.00 0.00 5.00 0.00 1.00 226.00 227.00 241.00 252.00 7.00 0.00 0.00 1.00 40.00 20.00 0.00 0.00 0.00 1.00 3.00 42.00 0.00 29.00 0.00 472.00 1.00 0.00 10.00 1.00 0.00 27.00 22.00 15.00 1.00 0.00 0.00 30.00 5.00 0.00 60.00 64.00 2.00 0.00
2.00 0.00 0.00 0.00 2.00 4.00 6.00 1.00 0.00 1.00 50.00 54.00 0.00 0.00 0.00 2.00 62.00 29.00 3.00 0.00 3.00 102.00 5.00 29.00 0.00 0.00 3.00 27.00 34.00 32.00 11.00 10.00 1.00 9.00 0.00 7.00 10.00 12.00 140.00 142.00 143.00 155.00 178.00 1.00 2.00 9.00 5.00 3.00 2.00 0.00 20.00 18.00 0.00 18.00 9.00 0.00 0.00 2.00 1.00 39.00 28.00 0.00 0.00 460.00 72.00 51.00 47.00 46.00 1.00 2.00 4.00 1.00 0.00 1.00 26.00 4.00 2.00 3.00 2.00 1.00 2.00
3.00 3.00 1.00 0.00 0.00 0.00 0.00 0.00 0.00 1.00 55.00 0.00 56.00 1.00 1.00 3.00 0.00 94.00 4.00 1.00 4.00 103.00 6.00 31.00 0.00 1.00 77.00 44.00 3.00 0.00 14.00 0.00 0.00 8.00 0.00 4.00 1.00 0.00 16.00 0.00 0.00 3.00 20.00 0.00 1.00 8.00 4.00 2.00 1.00 18.00 0.00 17.00 6.00 0.00 0.00 6.00 0.00 0.00 0.00 38.00 25.00 0.00 384.00 1.00 0.00 6.00 0.00 15.00 0.00 1.00 0.00 2.00 0.00 0.00 25.00 3.00 1.00 2.00 1.00 0.00 1.00
11.00 0.00 0.00 1.00 0.00 0.00 0.00 0.00 0.00 1.00 0.00 57.00 116.00 0.00 123.00 4.00 0.00 0.00 95.00 103.00 5.00 0.00 104.00 124.00 83.00 80.00 1.00 1.00 2.00 2.00 1.00 11.00 0.00 7.00 0.00 2.00 0.00 3.00 10.00 0.00 1.00 0.00 18.00 0.00 0.00 7.00 3.00 1.00 0.00 17.00 7.00 8.00 2.00 2.00 4.00 0.00 0.00 35.00 37.00 0.00 6.00 17.00 0.00 382.00 0.00 0.00 4.00 2.00 11.00 0.00 0.00 0.00 0.00 24.00 0.00 1.00 0.00 1.00 0.00 0.00 0.00
0.00 1.00 2.00 1.00 0.00 0.00 2.00 1.00 0.00 0.00 0.00 1.00 0.00 117.00 0.00 130.00 1.00 0.00 164.00 0.00 104.00 6.00 242.00 3.00 2.00 0.00 0.00 0.00 1.00 1.00 0.00 8.00 0.00 2.00 3.00 1.00 2.00 0.00 6.00 2.00 0.00 5.00 8.00 2.00 4.00 1.00 2.00 0.00 13.00 2.00 6.00 7.00 1.00 1.00 3.00 1.00 2.00 30.00 0.00 3.00 0.00 14.00 1.00 0.00 380.00 0.00 0.00 2.00 1.00 9.00 0.00 0.00 0.00 3.00 19.00 0.00 0.00 0.00 0.00 1.00 6.00
3.00 3.00 0.00 3.00 0.00 1.00 0.00 5.00 1.00 1.00 0.00 1.00 5.00 9.00 10.00 148.00 158.00 161.00 0.00 167.00 0.00 105.00 243.00 1.00 0.00 0.00 0.00 0.00 0.00 0.00 2.00 3.00 0.00 1.00 2.00 0.00 1.00 2.00 1.00 1.00 0.00 3.00 7.00 1.00 3.00 0.00 1.00 2.00 9.00 1.00 5.00 6.00 0.00 0.00 2.00 0.00 24.00 4.00 1.00 0.00 9.00 3.00 0.00 13.00 12.00 351.00 0.00 0.00 0.00 0.00 7.00 3.00 0.00 2.00 2.00 14.00 1.00 0.00 0.00 3.00 0.00
8.00 0.00 1.00 4.00 1.00 0.00 4.00 6.00 4.00 0.00 0.00 0.00 1.00 0.00 1.00 3.00 6.00 1.00 0.00 5.00 175.00 176.00 527.00 3.00 0.00 0.00 2.00 0.00 0.00 0.00 1.00 1.00 0.00 0.00 0.00 0.00 0.00 1.00 0.00 0.00 0.00 1.00 6.00 0.00 2.00 0.00 1.00 5.00 2.00 0.00 4.00 5.00 0.00 0.00 0.00 22.00 0.00 3.00 0.00 0.00 7.00 2.00 0.00 11.00 9.00 1.00 349.00 0.00 0.00 0.00 0.00 0.00 0.00 1.00 1.00 2.00 8.00 0.00 0.00 0.00 1.00
11.00 0.00 2.00 7.00 0.00 0.00 5.00 7.00 6.00 1.00 0.00 0.00 0.00 0.00 0.00 2.00 5.00 0.00 0.00 2.00 5.00 7.00 8.00 541.00 0.00 4.00 0.00 2.00 2.00 0.00 0.00 0.00 0.00 0.00 0.00 0.00 0.00 0.00 0.00 0.00 0.00 0.00 2.00 1.00 1.00 0.00 2.00 1.00 1.00 1.00 1.00 2.00 0.00 0.00 1.00 21.00 0.00 1.00 0.00 5.00 0.00 1.00 9.00 0.00 8.00 0.00 6.00 340.00 338.00 1.00 0.00 0.00 0.00 0.00 0.00 1.00 1.00 4.00 0.00 0.00 0.00
10828.00 10826.00 0.00 8.00 1.00 1.00 6.00 0.00 19.00 1.00 0.00 1.00 2.00 1.00 0.00 1.00 1.00 2.00 1.00 0.00 3.00 0.00 5.00 6.00 550.00 5.00 4.00 3.00 1.00 0.00 0.00 0.00 0.00 2.00 2.00 0.00 1.00 0.00 1.00 1.00 0.00 0.00 0.00 0.00 0.00 0.00 0.00 0.00 0.00 0.00 0.00 0.00 0.00 0.00 2.00 18.00 0.00 0.00 0.00 2.00 0.00 5.00 2.00 1.00 5.00 0.00 4.00 0.00 2.00 330.00 0.00 2.00 0.00 1.00 0.00 0.00 0.00 1.00 0.00 0.00 0.00
0.00 8.00 10812.00 10810.00 5.00 2.00 31.00 23.00 1.00 0.00 3.00 3.00 4.00 1.00 0.00 0.00 0.00 1.00 0.00 1.00 0.00 0.00 3.00 0.00 1.00 559.00 5.00 4.00 2.00 0.00 1.00 0.00 2.00 6.00 0.00 3.00 0.00 0.00 5.00 1.00 0.00 0.00 0.00 0.00 0.00 0.00 0.00 0.00 0.00 0.00 0.00 0.00 0.00 0.00 0.00 0.00 12.00 0.00 0.00 0.00 2.00 1.00 1.00 0.00 4.00 0.00 2.00 0.00 0.00 18.00 309.00 0.00 6.00 2.00 1.00 0.00 0.00 0.00 0.00 0.00 2.00
0.00 6.00 0.00 11.00 10782.00 10779.00 19.00 18.00 17.00 16.00 15.00 10.00 0.00 0.00 0.00 0.00 0.00 0.00 0.00 0.00 0.00 2.00 1.00 5.00 10.00 11.00 578.00 5.00 3.00 1.00 2.00 1.00 11.00 0.00 1.00 4.00 1.00 1.00 6.00 2.00 1.00 1.00 1.00 1.00 0.00 2.00 1.00 1.00 1.00 1.00 1.00 7.00 4.00 3.00 0.00 0.00 8.00 1.00 0.00 0.00 0.00 0.00 0.00 0.00 2.00 0.00 0.00 12.00 17.00 0.00 304.00 297.00 296.00 1.00 0.00 0.00 1.00 0.00 0.00 1.00 2.00
3.00 1.00 8.00 1.00 1.00 0.00 10725.00 10717.00 10685.00 10678.00 10667.00 10665.00 0.00 2.00 1.00 1.00 0.00 0.00 1.00 0.00 0.00 0.00 2.00 1.00 3.00 0.00 3.00 589.00 4.00 2.00 3.00 14.00 0.00 0.00 2.00 5.00 4.00 0.00 7.00 3.00 4.00 0.00 4.00 0.00 0.00 4.00 53.00 50.00 38.00 37.00 24.00 12.00 8.00 0.00 0.00 1.00 6.00 1.00 0.00 0.00 1.00 0.00 0.00 0.00 0.00 1.00 11.00 1.00 1.00 1.00 1.00 0.00 286.00 270.00 0.00 6.00 1.00 0.00 0.00 1.00 0.00
2.00 0.00 7.00 0.00 0.00 5.00 0.00 30.00 5.00 9.00 0.00 1.00 10661.00 9.00 5.00 2.00 3.00 1.00 4.00 0.00 0.00 0.00 0.00 0.00 0.00 0.00 0.00 0.00 595.00 3.00 4.00 15.00 1.00 1.00 40.00 36.00 29.00 23.00 21.00 12.00 2.00 1.00 5.00 1.00 66.00 59.00 4.00 2.00 3.00 9.00 0.00 0.00 1.00 6.00 0.00 0.00 0.00 0.00 1.00 0.00 0.00 4.00 1.00 1.00 0.00 0.00 8.00 0.00 0.00 0.00 0.00 8.00 2.00 2.00 268.00 0.00 0.00 2.00 3.00 0.00 0.00
0.00 5.00 0.00 0.00 4.00 0.00 29.00 3.00 0.00 6.00 1.00 0.00 111.00 10538.00 10529.00 10527.00 6.00 5.00 0.00 0.00 1.00 0.00 0.00 0.00 1.00 0.00 0.00 1.00 596.00 4.00 5.00 16.00 2.00 163.00 119.00 118.00 117.00 116.00 115.00 111.00 104.00 103.00 93.00 81.00 1.00 0.00 3.00 1.00 2.00 2.00 5.00 0.00 0.00 4.00 0.00 0.00 1.00 4.00 2.00 0.00 0.00 7.00 4.00 2.00 1.00 0.00 1.00 5.00 0.00 0.00 7.00 0.00 0.00 1.00 259.00 0.00 0.00 0.00 10.00 0.00 0.00
2.00 1.00 0.00 1.00 2.00 27.00 1.00 0.00 0.00 5.00 0.00 110.00 5.00 1.00 0.00 0.00 10514.00 0.00 1.00 1.00 2.00 1.00 1.00 0.00 3.00 1.00 3.00 2.00 597.00 5.00 6.00 17.00 173.00 5.00 4.00 3.00 2.00 1.00 2.00 2.00 2.00 2.00 8.00 0.00 10.00 0.00 2.00 0.00 1.00 1.00 3.00 0.00 0.00 0.00 0.00 0.00 0.00 10.00 0.00 0.00 0.00 0.00 14.00 5.00 1.00 0.00 0.00 0.00 2.00 2.00 0.00 1.00 0.00 1.00 257.00 0.00 0.00 0.00 13.00 1.00 0.00
0.00 0.00 0.00 20.00 25.00 0.00 0.00 0.00 3.00 0.00 98.00 10.00 3.00 0.00 0.00 0.00 9.00 10502.00 10496.00 10492.00 10484.00 5.00 0.00 0.00 1.00 6.00 7.00 15.00 598.00 6.00 7.00 199.00 6.00 5.00 4.00 3.00 0.00 0.00 1.00 1.00 1.00 1.00 5.00 1.00 2.00 5.00 3.00 1.00 0.00 0.00 0.00 0.00 0.00 0.00 1.00 5.00 6.00 12.00 0.00 0.00 0.00 0.00 22.00 1.00 0.00 1.00 0.00 0.00 0.00 0.00 0.00 0.00 0.00 0.00 20.00 232.00 227.00 193.00 0.00 0.00 0.00
1.00 17.00 18.00 0.00 2.00 0.00 0.00 0.00 0.00 0.00 96.00 8.00 0.00 2.00 1.00 5.00 1.00 4.00 0.00 0.00 3.00 10474.00 10464.00 0.00 0.00 0.00 1.00 2.00 618.00 7.00 213.00 4.00 3.00 2.00 1.00 0.00 1.00 0.00 0.00 0.00 0.00 0.00 1.00 2.00 0.00 1.00 0.00 2.00 0.00 0.00 0.00 0.00 1.00 0.00 1.00 0.00 1.00 20.00 0.00 1.00 1.00 0.00 23.00 2.00 0.00 3.00 0.00 0.00 0.00 0.00 1.00 0.00 1.00 18.00 1.00 1.00 31.00 0.00 175.00 169.00 3.00
12.00 1.00 0.00 1.00 0.00 31.00 36.00 37.00 0.00 1.00 92.00 0.00 6.00 3.00 0.00 4.00 0.00 2.00 0.00 0.00 1.00 0.00 7.00 10461.00 0.00 0.00 0.00 0.00 0.00 847.00 5.00 4.00 3.00 2.00 1.00 0.00 0.00 0.00 0.00 0.00 0.00 0.00 0.00 0.00 0.00 0.00 0.00 0.00 0.00 0.00 3.00 0.00 0.00 2.00 0.00 0.00 1.00 28.00 1.00 2.00 2.00 1.00 24.00 3.00 7.00 1.00 0.00 3.00 0.00 0.00 1.00 4.00 14.00 0.00 0.00 0.00 30.00 0.00 1.00 0.00 164.00
5.00 0.00 0.00 1.00 29.00 0.00 0.00 0.00 41.00 42.00 74.00 16.00 7.00 1.00 2.00 0.00 2.00 0.00 0.00 0.00 1.00 4.00 1.00 10459.00 0.00 862.00 860.00 858.00 856.00 6.00 5.00 4.00 3.00 2.00 1.00 0.00 0.00 2.00 1.00 1.00 1.00 1.00 0.00 0.00 2.00 0.00 0.00 0.00 0.00 0.00 6.00 1.00 1.00 0.00 3.00 1.00 2.00 0.00 30.00 36.00 3.00 0.00 73.00 0.00 13.00 0.00 4.00 0.00 0.00 0.00 0.00 0.00 3.00 4.00 0.00 0.00 29.00 0.00 0.00 2.00 160.00
0.00 0.00 1.00 12.00 11.00 1.00 0.00 1.00 12.00 23.00 6.00 0.00 6.00 6.00 0.00 1.00 0.00 0.00 0.00 0.00 0.00 0.00 0.00 0.00 10456.00 10.00 9.00 8.00 7.00 6.00 5.00 4.00 3.00 2.00 1.00 0.00 1.00 9.00 5.00 2.00 2.00 2.00 1.00 1.00 4.00 0.00 2.00 1.00 0.00 0.00 1.00 9.00 2.00 1.00 4.00 0.00 0.00 1.00 2.00 0.00 38.00 44.00 0.00 90.00 0.00 6.00 0.00 3.00 0.00 2.00 0.00 0.00 0.00 1.00 0.00 0.00 26.00 0.00 1.00 0.00 11.00
0.00 1.00 9.00 0.00 9.00 0.00 1.00 11.00 1.00 7.00 4.00 0.00 2.00 2.00 5.00 0.00 0.00 0.00 1.00 0.00 0.00 0.00 0.00 0.00 2070.00 7510.00 124.00 123.00 122.00 121.00 120.00 119.00 118.00 117.00 116.00 115.00 114.00 101.00 97.00 93.00 92.00 82.00 70.00 65.00 59.00 0.00 3.00 3.00 0.00 0.00 3.00 10.00 3.00 2.00 7.00 14.00 15.00 16.00 17.00 3.00 0.00 0.00 1.00 93.00 1.00 13.00 5.00 0.00 0.00 5.00 0.00 1.00 0.00 0.00 1.00 6.00 0.00 15.00 0.00 0.00 8.00
1.00 6.00 0.00 5.00 2.00 0.00 6.00 1.00 0.00 6.00 1.00 1.00 1.00 1.00 1.00 1.00 0.00 2.00 2.00 1.00 1.00 1.00 0.00 1.00 2068.00 3.00 7380.00 10.00 9.00 8.00 7.00 6.00 5.00 4.00 3.00 2.00 1.00 0.00 2.00 2.00 2.00 2.00 5.00 1.00 0.00 57.00 52.00 0.00 1.00 0.00 31.00 13.00 12.00 1.00 1.00 4.00 0.00 1.00 2.00 34.00 0.00 0.00 0.00 0.00 114.00 3.00 2.00 0.00 13.00 5.00 4.00 1.00 0.00 0.00 0.00 3.00 12.00 1.00 0.00 2.00 5.00
1.00 3.00 1.00 1.00 1.00 4.00 0.00 0.00 2.00 2.00 0.00 0.00 0.00 0.00 0.00 0.00 3.00 9.00 10.00 16.00 17.00 20.00 24.00 0.00 2065.00 2.00 1.00 7366.00 7353.00 7333.00 7332.00 6.00 5.00 4.00 3.00 2.00 1.00 0.00 1.00 1.00 1.00 1.00 1.00 2.00 0.00 1.00 1.00 42.00 38.00 36.00 1.00 1.00 2.00 0.00 0.00 3.00 0.00 5.00 8.00 0.00 37.00 41.00 0.00 118.00 0.00 1.00 0.00 0.00 15.00 0.00 1.00 0.00 1.00 0.00 0.00 0.00 11.00 0.00 0.00 0.00 0.00
0.00 0.00 0.00 0.00 0.00 0.00 2.00 0.00 0.00 0.00 0.00 0.00 0.00 0.00 0.00 2.00 0.00 0.00 0.00 0.00 0.00 0.00 0.00 2062.00 0.00 1.00 0.00 11.00 5.00 12.00 0.00 7324.00 7321.00 2.00 1.00 0.00 1.00 0.00 0.00 0.00 0.00 0.00 0.00 0.00 0.00 0.00 0.00 0.00 0.00 0.00 0.00 0.00 0.00 0.00 2.00 0.00 3.00 0.00 0.00 0.00 0.00 0.00 64.00 0.00 122.00 1.00 0.00 0.00 20.00 3.00 0.00 2.00 0.00 0.00 0.00 0.00 10.00 6.00 2.00 0.00 0.00
1.00 0.00 0.00 0.00 0.00 0.00 0.00 0.00 0.00 0.00 0.00 1.00 2.00 0.00 0.00 0.00 0.00 1.00 2.00 5.00 0.00 2021.00 2029.00 2035.00 0.00 0.00 10.00 1.00 2.00 9.00 0.00 1.00 0.00 7316.00 7313.00 4.00 3.00 0.00 0.00 0.00 0.00 0.00 0.00 0.00 1.00 0.00 0.00 1.00 0.00 0.00 0.00 0.00 0.00 0.00 0.00 0.00 0.00 3.00 9.00 13.00 14.00 20.00 0.00 67.00 123.00 3.00 0.00 23.00 0.00 20.00 19.00 14.00 13.00 5.00 1.00 0.00 0.00 2.00 0.00 4.00 6.00
8.00 3.00 1.00 1.00 1.00 0.00 0.00 0.00 4.00 0.00 2.00 6.00 3.00 1.00 1.00 0.00 0.00 0.00 0.00 0.00 2017.00 5.00 0.00 2.00 0.00 0.00 8.00 0.00 1.00 6.00 1.00 0.00 0.00 1.00 17.00 7289.00 1.00 0.00 1.00 1.00 1.00 1.00 1.00 1.00 2.00 16.00 3.00 0.00 0.00 0.00 2.00 1.00 1.00 0.00 0.00 0.00 2.00 4.00 2.00 0.00 4.00 0.00 0.00 69.00 124.00 30.00 25.00 0.00 23.00 1.00 0.00 0.00 2.00 1.00 1.00 0.00 0.00 1.00 3.00 0.00 0.00
0.00 10.00 6.00 5.00 0.00 1.00 1.00 0.00 0.00 5.00 0.00 0.00 11.00 2.00 3.00 0.00 0.00 3.00 0.00 2007.00 1.00 0.00 3.00 0.00 0.00 0.00 6.00 0.00 2.00 2.00 0.00 0.00 1.00 16.00 0.00 10.00 7275.00 12.00 11.00 8.00 5.00 2.00 2.00 24.00 18.00 0.00 9.00 6.00 0.00 1.00 3.00 2.00 6.00 1.00 0.00 0.00 1.00 1.00 1.00 1.00 0.00 0.00 2.00 70.00 125.00 31.00 0.00 25.00 0.00 0.00 1.00 0.00 0.00 0.00 0.00 0.00 0.00 1.00 0.00 0.00 0.00
0.00 12.00 13.00 27.00 0.00 4.00 0.00 0.00 0.00 3.00 11.00 14.00 31.00 33.00 41.00 1.00 0.00 0.00 4.00 2004.00 0.00 0.00 0.00 1.00 0.00 0.00 4.00 0.00 0.00 1.00 2.00 8.00 11.00 1.00 0.00 8.00 1.00 7259.00 7257.00 7255.00 7253.00 7198.00 29.00 0.00 1.00 0.00 0.00 0.00 3.00 0.00 0.00 15.00 0.00 0.00 2.00 0.00 0.00 0.00 0.00 0.00 0.00 1.00 5.00 71.00 126.00 32.00 1.00 27.00 0.00 6.00 2.00 1.00 0.00 0.00 0.00 0.00 0.00 0.00 0.00 1.00 0.00
