Data/ASC_file/zhimenda_HumusSoilDepth.asc
ncols           679
          nrows           333
          xllcorner      90.54720
          yllcorner      32.43537
          cellsize        0.01000
        NODATA_value  -9999.00000
[rows 33 to 65 of 333, columns 73 to 145 of 679]
-9999.00 -9999.00 -9999.00 -9999.00 113.14 112.57 100.91 109.42 112.86 110.63 111.58 112.04 113.04 89.92 99.60 86.62 47.70 37.63 90.45 89.59 102.50 100.44 90.63 77.69 98.93 103.58 92.11 91.50 84.44 108.79 103.67 109.28 99.86 105.09 93.36 -9999.00 -9999.00 -9999.00 -9999.00 -9999.00 -9999.00 -9999.00 -9999.00 -9999.00 -9999.00 -9999.00 -9999.00 -9999.00 -9999.00 -9999.00 -9999.00 -9999.00 -9999.00 -9999.00 -9999.00 -9999.00 -9999.00 -9999.00 -9999.00 -9999.00 -9999.00 -9999.00 -9999.00 -9999.00 -9999.00 -9999.00 -9999.00 -9999.00 -9999.00 -9999.00 -9999.00 -9999.00 -9999.00
107.44 114.25 108.75 113.57 111.49 116.62 109.76 100.90 105.67 102.40 88.44 97.57 94.92 95.54 98.02 72.16 48.99 100.36 97.50 96.86 104.49 102.13 99.61 96.76 66.95 56.02 86.07 97.85 78.28 66.83 106.68 109.89 113.67 104.07 96.61 99.65 -9999.00 -9999.00 -9999.00 -9999.00 -9999.00 -9999.00 -9999.00 -9999.00 -9999.00 -9999.00 -9999.00 -9999.00 -9999.00 -9999.00 -9999.00 -9999.00 -9999.00 -9999.00 -9999.00 -9999.00 -9999.00 -9999.00 -9999.00 -9999.00 -9999.00 -9999.00 -9999.00 -9999.00 -9999.00 -9999.00 -9999.00 -9999.00 -9999.00 -9999.00 -9999.00 -9999.00 -9999.00
116.12 115.95 103.21 107.11 107.40 108.44 107.64 100.03 100.73 104.01 109.80 91.87 74.68 67.69 62.01 64.51 102.38 113.02 105.72 102.98 116.94 102.20 105.42 98.13 103.24 93.37 89.06 107.18 93.71 83.13 91.56 90.49 100.82 82.32 96.14 97.45 -9999.00 -9999.00 -9999.00 -9999.00 -9999.00 -9999.00 -9999.00 -9999.00 -9999.00 -9999.00 -9999.00 -9999.00 -9999.00 -9999.00 -9999.00 -9999.00 -9999.00 -9999.00 -9999.00 -9999.00 -9999.00 -9999.00 -9999.00 -9999.00 -9999.00 -9999.00 -9999.00 -9999.00 -9999.00 -9999.00 -9999.00 -9999.00 -9999.00 -9999.00 -9999.00 -9999.00 -9999.00
104.22 108.28 92.36 98.53 96.13 93.22 100.75 108.18 87.25 60.77 37.96 40.31 40.60 39.42 74.95 99.42 105.77 118.57 114.71 115.44 112.20 95.95 110.98 112.15 106.72 100.00 104.86 117.64 111.82 85.26 113.23 111.84 86.23 102.94 105.22 103.51 -9999.00 -9999.00 -9999.00 -9999.00 -9999.00 -9999.00 -9999.00 -9999.00 -9999.00 -9999.00 -9999.00 -9999.00 -9999.00 -9999.00 -9999.00 -9999.00 -9999.00 -9999.00 -9999.00 -9999.00 -9999.00 -9999.00 -9999.00 -9999.00 -9999.00 -9999.00 -9999.00 -9999.00 -9999.00 -9999.00 -9999.00 -9999.00 -9999.00 -9999.00 -9999.00 -9999.00 -9999.00
95.35 101.68 88.45 105.55 99.84 95.72 115.32 102.88 66.46 112.54 103.58 40.43 94.17 81.84 108.06 114.16 105.88 115.36 103.46 115.77 115.48 110.29 107.79 114.27 110.73 110.61 110.38 113.82 108.86 84.93 71.96 55.96 96.07 103.87 109.27 108.24 97.22 -9999.00 -9999.00 -9999.00 -9999.00 -9999.00 -9999.00 -9999.00 -9999.00 -9999.00 -9999.00 -9999.00 -9999.00 -9999.00 -9999.00 -9999.00 -9999.00 -9999.00 -9999.00 -9999.00 -9999.00 -9999.00 -9999.00 -9999.00 -9999.00 -9999.00 -9999.00 -9999.00 -9999.00 -9999.00 -9999.00 -9999.00 -9999.00 -9999.00 -9999.00 -9999.00 -9999.00
69.24 69.91 70.08 73.42 98.19 93.32 81.73 40.72 70.34 91.93 111.53 105.48 107.27 110.15 117.58 107.63 101.37 107.26 101.23 112.89 106.26 97.33 107.36 115.80 117.01 117.04 116.87 74.66 78.47 90.40 94.90 92.51 101.06 108.87 91.49 108.43 104.08 103.89 -9999.00 -9999.00 -9999.00 -9999.00 -9999.00 -9999.00 -9999.00 -9999.00 -9999.00 -9999.00 -9999.00 -9999.00 -9999.00 -9999.00 -9999.00 -9999.00 -9999.00 -9999.00 -9999.00 -9999.00 -9999.00 -9999.00 -9999.00 -9999.00 -9999.00 -9999.00 -9999.00 -9999.00 -9999.00 -9999.00 -9999.00 -9999.00 -9999.00 -9999.00 -9999.00
77.88 102.73 66.88 46.84 105.24 89.26 44.27 35.24 93.89 95.22 70.46 101.76 106.21 110.37 63.52 66.45 44.04 79.17 104.80 101.35 52.96 61.23 64.10 111.88 105.83 113.21 102.17 102.06 105.08 99.92 104.70 99.75 113.55 109.12 109.76 115.94 110.69 112.93 104.16 116.03 112.57 108.12 103.45 -9999.00 -9999.00 -9999.00 -9999.00 -9999.00 -9999.00 -9999.00 -9999.00 -9999.00 -9999.00 -9999.00 -9999.00 -9999.00 -9999.00 -9999.00 -9999.00 -9999.00 -9999.00 -9999.00 -9999.00 -9999.00 -9999.00 -9999.00 -9999.00 -9999.00 -9999.00 -9999.00 -9999.00 -9999.00 -9999.00
109.89 109.26 69.06 49.06 105.73 105.35 33.18 98.46 101.45 96.85 107.74 110.05 114.63 116.79 109.48 84.25 117.99 103.21 76.53 49.23 51.39 60.40 63.38 63.01 90.35 96.20 110.17 118.41 109.84 103.11 109.43 105.38 113.87 98.97 111.45 119.29 109.38 114.39 106.24 100.06 99.67 90.38 106.69 -9999.00 -9999.00 -9999.00 -9999.00 -9999.00 -9999.00 -9999.00 -9999.00 -9999.00 -9999.00 -9999.00 -9999.00 -9999.00 -9999.00 -9999.00 -9999.00 -9999.00 -9999.00 -9999.00 -9999.00 -9999.00 -9999.00 -9999.00 -9999.00 -9999.00 -9999.00 -9999.00 -9999.00 -9999.00 -9999.00
103.67 110.83 46.96 50.76 41.27 55.32 92.71 106.19 96.30 114.31 116.26 112.30 99.89 112.36 74.65 88.13 116.99 116.64 115.79 116.44 93.77 49.97 61.18 62.09 99.40 109.28 110.67 112.73 113.15 107.61 116.19 114.51 115.82 107.11 88.99 107.70 104.18 113.92 94.94 62.30 52.47 97.98 107.63 -9999.00 -9999.00 -9999.00 -9999.00 -9999.00 -9999.00 -9999.00 -9999.00 -9999.00 -9999.00 -9999.00 -9999.00 -9999.00 -9999.00 -9999.00 -9999.00 -9999.00 -9999.00 -9999.00 -9999.00 -9999.00 -9999.00 -9999.00 -9999.00 -9999.00 -9999.00 -9999.00 -9999.00 -9999.00 -9999.00
101.12 101.49 47.88 35.33 40.12 105.12 105.96 112.02 92.97 106.51 113.79 101.37 111.49 103.61 46.94 86.10 110.39 110.52 117.31 107.86 103.79 106.08 53.90 108.77 98.28 111.66 116.09 102.25 111.30 114.63 109.79 118.71 113.21 108.11 58.95 86.90 102.11 112.25 88.60 76.32 100.08 105.48 114.86 -9999.00 -9999.00 -9999.00 -9999.00 -9999.00 -9999.00 -9999.00 -9999.00 -9999.00 -9999.00 -9999.00 -9999.00 -9999.00 -9999.00 -9999.00 -9999.00 -9999.00 -9999.00 -9999.00 -9999.00 -9999.00 -9999.00 -9999.00 -9999.00 -9999.00 -9999.00 -9999.00 -9999.00 -9999.00 -9999.00
76.15 79.69 64.88 44.17 30.62 43.96 109.89 111.46 114.09 89.71 99.36 107.77 103.72 98.05 57.34 99.67 77.80 96.10 95.07 60.47 63.07 86.84 105.94 111.50 104.76 97.21 115.73 92.44 86.19 99.93 110.82 117.16 110.54 115.28 118.75 116.26 86.23 95.34 47.49 97.81 110.11 115.01 94.91 -9999.00 -9999.00 -9999.00 -9999.00 -9999.00 -9999.00 -9999.00 -9999.00 -9999.00 -9999.00 -9999.00 -9999.00 -9999.00 -9999.00 -9999.00 -9999.00 -9999.00 -9999.00 -9999.00 -9999.00 -9999.00 -9999.00 -9999.00 -9999.00 -9999.00 -9999.00 -9999.00 -9999.00 -9999.00 -9999.00
41.89 58.42 104.28 101.33 104.92 35.86 105.40 107.30 117.61 116.87 116.82 104.44 88.48 68.81 96.62 69.30 83.16 120.16 110.04 115.14 113.63 105.56 108.27 113.87 109.93 105.66 117.28 108.38 116.24 88.38 88.94 112.94 101.05 104.41 105.27 70.35 69.05 70.04 54.85 103.83 114.71 116.31 113.52 -9999.00 -9999.00 -9999.00 -9999.00 -9999.00 -9999.00 -9999.00 -9999.00 -9999.00 -9999.00 -9999.00 -9999.00 -9999.00 -9999.00 -9999.00 -9999.00 -9999.00 -9999.00 -9999.00 -9999.00 -9999.00 -9999.00 -9999.00 -9999.00 -9999.00 -9999.00 -9999.00 -9999.00 -9999.00 -9999.00
99.46 102.34 100.11 101.63 56.82 63.84 100.23 101.94 113.59 108.21 117.01 117.46 106.58 39.61 108.53 99.61 80.11 114.53 91.49 100.83 106.27 112.96 114.50 104.46 116.99 118.99 113.56 92.10 116.83 115.77 103.61 82.56 101.23 84.12 75.97 108.28 106.46 101.36 75.88 105.05 119.68 111.42 85.61 -9999.00 -9999.00 -9999.00 -9999.00 -9999.00 -9999.00 -9999.00 -9999.00 -9999.00 -9999.00 -9999.00 -9999.00 -9999.00 -9999.00 -9999.00 -9999.00 -9999.00 -9999.00 -9999.00 -9999.00 -9999.00 -9999.00 -9999.00 -9999.00 -9999.00 -9999.00 -9999.00 -9999.00 -9999.00 -9999.00
108.46 95.47 103.13 89.88 104.79 71.68 64.29 99.40 95.62 102.73 110.60 114.18 79.67 113.66 115.11 103.66 56.13 102.97 118.03 115.81 107.76 115.86 108.39 114.88 117.35 112.40 98.77 101.49 115.20 109.45 97.58 103.62 84.04 76.36 110.50 109.48 101.19 53.83 93.67 109.50 86.88 108.00 110.94 -9999.00 -9999.00 -9999.00 -9999.00 -9999.00 -9999.00 -9999.00 -9999.00 -9999.00 -9999.00 -9999.00 -9999.00 -9999.00 -9999.00 -9999.00 -9999.00 -9999.00 -9999.00 -9999.00 -9999.00 -9999.00 -9999.00 -9999.00 -9999.00 -9999.00 -9999.00 -9999.00 -9999.00 -9999.00 -9999.00
114.21 107.11 114.91 115.05 105.18 64.06 66.51 71.75 98.63 105.19 102.86 85.10 79.98 114.83 118.21 113.15 92.37 93.95 94.38 57.18 58.48 60.65 101.40 112.75 109.58 113.47 115.21 103.10 122.14 114.13 121.25 108.81 82.88 83.85 110.48 97.26 107.02 85.61 112.20 90.18 105.40 110.78 -9999.00 -9999.00 -9999.00 -9999.00 -9999.00 -9999.00 -9999.00 -9999.00 -9999.00 -9999.00 -9999.00 -9999.00 -9999.00 -9999.00 -9999.00 -9999.00 -9999.00 -9999.00 -9999.00 -9999.00 -9999.00 -9999.00 -9999.00 -9999.00 -9999.00 -9999.00 -9999.00 -9999.00 -9999.00 -9999.00 -9999.00
112.15 71.41 95.01 81.95 92.30 109.15 115.25 56.60 70.78 99.07 87.60 69.91 77.44 93.60 108.52 91.73 108.82 117.73 117.57 115.93 117.34 110.60 93.95 61.40 58.94 87.64 90.23 54.00 48.93 115.95 115.42 84.55 76.79 76.47 86.67 100.29 108.88 112.36 115.13 114.48 57.27 92.83 -9999.00 -9999.00 113.27 116.53 115.06 112.98 111.64 111.13 117.43 -9999.00 -9999.00 -9999.00 -9999.00 -9999.00 -9999.00 -9999.00 -9999.00 -9999.00 -9999.00 -9999.00 -9999.00 -9999.00 -9999.00 -9999.00 -9999.00 -9999.00 -9999.00 -9999.00 -9999.00 -9999.00 112.23
95.03 51.78 109.35 104.96 89.12 94.40 109.31 57.65 67.93 73.13 82.10 80.74 76.61 91.69 87.25 102.22 105.53 117.67 110.76 114.00 117.60 109.12 104.51 110.99 112.91 115.72 116.64 116.34 109.95 91.33 97.36 70.65 81.05 72.35 94.77 104.27 99.09 64.60 116.57 99.31 103.18 105.11 -9999.00 -9999.00 100.35 106.98 110.38 112.78 105.16 105.94 110.00 104.25 -9999.00 -9999.00 -9999.00 -9999.00 -9999.00 -9999.00 -9999.00 -9999.00 -9999.00 -9999.00 -9999.00 -9999.00 -9999.00 -9999.00 -9999.00 -9999.00 -9999.00 117.53 115.08 111.69 110.90
60.36 59.55 47.28 83.32 46.48 33.42 50.28 55.72 40.96 45.62 81.16 81.01 63.74 66.35 84.60 102.54 99.59 103.11 111.03 106.82 116.30 119.50 120.11 109.28 116.24 110.44 114.84 118.58 116.82 116.87 88.24 113.21 73.04 55.63 98.43 106.19 113.80 104.57 112.17 101.62 117.15 108.24 109.52 117.12 117.12 95.81 105.42 112.88 104.32 101.07 101.98 115.76 120.50 116.03 112.71 109.65 117.67 117.00 -9999.00 -9999.00 -9999.00 -9999.00 -9999.00 -9999.00 114.25 115.06 117.47 119.40 110.39 112.77 107.15 104.81 99.73
60.13 56.77 54.27 32.91 106.32 103.31 100.72 69.99 92.96 48.76 54.42 81.17 81.84 77.24 62.95 95.70 99.89 105.01 107.94 101.73 107.19 104.93 110.15 107.05 112.82 102.37 103.13 105.57 108.08 115.83 104.05 113.56 100.28 69.80 110.93 114.68 101.42 115.13 115.68 83.66 88.36 116.52 117.06 111.19 115.53 118.44 101.59 107.08 117.55 101.27 100.07 114.45 110.51 111.18 106.42 119.81 109.10 108.51 111.89 116.35 115.21 113.43 111.31 113.93 110.39 111.88 111.78 115.33 108.32 104.28 61.89 59.01 55.08
56.05 103.96 101.78 94.36 32.88 35.21 30.70 77.20 111.52 103.84 78.75 67.80 99.07 92.51 94.71 46.51 63.23 103.89 90.65 101.18 97.04 103.64 100.73 94.52 104.91 80.10 88.97 104.87 109.46 115.11 115.49 107.73 86.33 61.12 111.21 101.14 115.15 111.32 118.76 120.00 94.21 116.68 115.49 103.25 106.62 108.50 100.90 97.07 105.18 83.41 90.12 97.69 109.57 98.39 111.79 105.27 109.40 104.99 106.10 112.86 117.44 105.71 110.93 107.77 107.42 106.51 105.50 112.54 101.24 60.75 59.32 58.05 53.09
101.30 96.10 105.05 106.91 110.41 106.95 41.35 28.83 96.67 100.46 99.30 94.52 93.28 82.83 84.20 101.08 77.91 75.99 74.71 95.03 91.40 98.13 99.73 99.13 88.04 110.14 57.51 43.30 101.77 98.74 112.31 103.73 71.64 94.80 81.46 57.84 95.76 95.36 108.84 114.36 99.57 103.69 106.97 89.88 102.01 92.32 96.31 103.13 92.21 86.68 111.63 114.91 104.40 107.73 113.09 101.98 105.06 104.87 103.35 107.95 113.14 103.48 103.52 103.63 102.98 101.09 104.51 106.91 55.24 55.35 55.11 54.95 53.17
38.74 33.69 90.64 96.70 97.51 100.96 49.50 42.89 27.46 69.35 64.61 89.09 100.60 94.68 101.67 91.03 87.68 56.21 43.50 45.18 40.74 77.01 97.97 111.12 111.26 98.83 45.03 40.34 38.09 31.56 99.21 67.95 69.44 71.02 108.96 116.55 103.06 110.06 106.88 99.59 86.28 79.09 100.82 73.80 111.30 49.32 69.05 85.00 90.27 94.02 113.20 104.79 102.01 102.97 114.22 99.22 100.96 101.34 103.35 101.61 109.42 100.16 99.05 99.65 75.72 96.23 50.05 95.65 75.76 52.58 52.81 52.98 53.15
43.83 41.56 37.02 38.35 39.21 41.63 42.82 42.09 39.79 25.87 60.56 103.32 104.64 99.61 104.08 102.67 101.93 89.32 102.52 95.82 41.59 32.16 99.06 95.82 113.12 37.13 36.31 36.89 37.51 36.02 33.22 34.13 34.44 28.49 54.56 107.65 115.90 99.01 116.29 107.33 80.42 98.46 80.27 76.89 82.88 70.61 95.39 68.91 78.82 88.37 90.99 100.86 103.12 102.16 112.38 96.81 95.41 97.73 99.21 100.52 104.29 94.51 88.83 71.44 98.63 71.52 51.70 43.07 108.61 103.10 89.75 107.37 85.50
105.19 43.96 42.81 41.71 41.93 40.28 38.38 39.40 41.73 40.94 24.99 97.06 104.38 44.45 72.59 79.00 83.98 101.84 36.58 36.47 37.63 36.61 33.76 32.21 29.21 31.55 34.57 36.68 37.72 38.34 38.20 36.93 36.74 35.03 25.11 99.81 91.42 102.57 118.11 109.32 113.18 111.49 100.15 109.59 98.96 105.92 100.75 96.95 34.05 48.40 29.62 23.14 98.92 99.84 102.25 77.27 91.34 95.58 98.11 100.30 99.49 78.09 51.51 69.07 94.29 93.99 105.15 109.80 75.58 101.10 100.54 98.82 105.81
40.40 82.12 78.98 84.79 47.19 38.32 96.79 95.64 87.57 47.27 41.75 28.33 54.60 55.02 51.08 28.24 28.21 30.34 32.48 35.09 37.17 38.27 36.52 25.87 105.25 86.41 92.02 42.40 41.40 41.14 41.13 40.91 40.20 39.73 37.01 29.93 25.64 78.32 116.20 110.61 116.46 117.44 112.12 113.02 115.16 112.16 101.82 102.14 106.27 51.87 28.89 26.85 22.95 22.94 22.90 22.92 18.95 87.09 92.10 101.13 96.04 91.83 99.22 90.87 106.57 109.71 63.33 65.46 104.34 99.17 86.78 97.74 99.47
101.96 95.27 94.42 91.53 93.42 94.78 99.83 94.26 90.34 90.15 94.63 85.39 93.50 90.77 84.57 91.95 90.61 72.91 71.23 88.25 42.83 40.09 30.57 101.52 100.96 109.56 108.76 62.67 49.35 46.62 45.40 44.70 44.15 43.48 42.86 41.27 34.60 23.46 63.21 102.37 106.66 114.01 108.68 115.49 116.66 113.77 104.32 114.88 19.17 108.40 117.93 116.70 108.11 95.82 102.97 101.85 107.19 51.87 43.60 22.97 41.17 106.60 107.55 104.92 96.59 99.19 99.86 103.63 75.42 75.38 65.80 101.14 90.49
74.53 88.86 81.20 88.71 91.61 89.23 96.55 92.72 88.62 94.51 88.83 84.07 91.20 84.34 95.51 86.06 87.20 65.73 88.39 92.55 79.88 37.71 75.45 66.75 86.95 102.27 55.80 54.84 55.29 52.82 50.79 49.36 48.34 47.55 46.76 46.08 45.01 38.87 22.66 82.28 108.36 103.01 102.77 105.05 99.69 111.96 115.16 113.74 23.13 109.23 97.44 113.80 111.99 94.16 98.85 112.27 109.44 104.60 50.32 58.55 90.92 42.20 30.70 94.36 92.25 106.03 107.89 102.38 107.75 104.81 108.11 107.77 102.85
89.87 81.46 100.56 98.72 100.15 92.47 97.30 90.10 94.32 91.30 91.17 90.27 84.41 96.67 86.01 77.49 68.96 78.51 92.22 87.96 84.09 72.09 66.35 79.25 76.87 48.18 50.48 53.20 54.34 54.97 54.59 53.63 52.55 51.48 50.52 49.70 48.98 47.96 42.54 28.49 24.43 103.24 62.84 101.98 110.16 106.51 110.64 113.31 26.47 23.77 97.72 108.42 113.21 100.47 103.67 111.33 101.09 79.75 80.70 91.29 95.68 91.98 109.94 22.75 22.73 35.87 98.28 42.09 29.83 99.47 107.83 109.03 102.87
95.24 105.52 64.50 68.48 106.44 92.17 97.56 99.62 93.19 90.80 91.59 84.76 103.68 95.41 82.44 81.09 76.88 78.49 93.97 89.03 84.29 84.27 76.59 72.31 74.32 65.75 90.38 57.82 57.10 56.85 56.78 56.24 54.94 53.87 52.94 52.18 51.12 49.32 48.57 46.20 34.11 22.56 62.58 103.45 102.93 108.30 108.16 113.83 27.78 31.71 96.43 110.61 112.61 114.45 106.38 95.57 71.55 98.68 100.22 85.80 96.98 89.21 75.16 80.51 87.90 90.56 41.07 90.35 101.20 18.70 89.25 96.22 97.58
78.81 105.14 104.99 45.52 84.40 92.56 106.16 96.08 92.01 93.17 88.92 97.66 99.87 88.82 78.67 81.76 89.26 82.61 97.76 90.64 91.21 85.01 75.50 70.63 105.83 107.15 101.99 70.76 62.82 60.61 58.26 54.73 53.94 53.47 53.04 50.92 47.40 48.04 47.95 47.68 46.99 36.95 46.71 98.62 26.89 46.60 97.82 101.73 25.47 98.55 103.06 97.65 82.33 80.72 91.85 74.62 83.64 101.42 103.35 95.44 106.00 97.23 101.86 87.28 86.16 87.14 84.92 100.94 100.12 56.85 22.64 22.63 37.89
77.53 57.69 94.71 80.58 75.83 99.48 103.59 94.01 93.68 90.71 101.40 97.19 98.72 79.93 77.58 87.62 78.18 103.31 95.51 91.99 90.81 83.47 75.17 72.82 104.42 112.25 105.51 65.30 65.03 57.17 50.47 51.64 52.00 52.10 51.90 45.33 93.51 97.81 81.86 90.59 110.00 114.41 113.62 57.59 54.22 104.92 25.60 50.55 55.91 108.60 112.23 107.99 109.17 101.90 109.94 82.12 106.40 100.47 104.12 103.78 110.29 111.93 106.28 96.79 89.95 87.01 87.39 98.79 97.05 80.14 81.69 87.82 89.00
82.52 78.82 95.51 98.87 81.50 71.80 101.46 93.72 91.45 101.78 99.16 99.02 88.94 76.00 97.70 84.32 76.07 102.12 101.25 90.47 80.97 72.84 67.16 75.49 87.20 111.78 104.33 91.32 53.54 46.23 103.09 89.44 89.94 105.13 95.68 98.77 108.94 106.97 101.94 96.88 87.23 65.87 106.60 91.03 105.53 114.47 114.96 111.36 63.93 113.44 118.90 116.75 111.87 110.75 96.80 83.40 74.89 105.20 107.03 107.81 110.87 114.71 107.94 105.63 95.38 93.98 89.69 114.78 106.96 102.28 90.37 95.29 92.00
100.55 77.41 96.81 103.94 107.59 84.92 101.19 92.17 101.13 98.36 96.25 87.16 67.84 90.83 93.59 74.74 79.50 101.49 102.52 92.85 74.68 72.11 86.50 79.31 81.25 104.49 110.19 104.94 81.59 107.85 107.24 104.99 110.95 116.81 110.75 100.23 115.25 115.05 107.49 102.43 106.98 102.20 98.51 97.83 81.24 62.49 60.95 25.28 82.10 102.47 87.27 111.68 108.35 99.75 96.92 105.37 80.23 79.66 101.07 100.08 102.83 112.13 109.13 109.15 115.97 89.64 112.74 115.93 112.49 108.11 101.66 94.03 108.25
