Data/ASC_file/zhimenda_TensionWaterCapacity.asc
ncols           679
          nrows           333
          xllcorner      90.54720
          yllcorner      32.43537
          cellsize        0.01000
        NODATA_value  -9999.00000
[rows 96 to 127 of 333, columns 288 to 359 of 679]
123.17 104.64 118.98 41.76 69.72 66.32 106.87 63.67 83.58 90.14 117.76 106.34 125.66 126.56 114.43 80.38 52.92 119.91 96.99 89.50 92.93 103.05 77.35 84.47 80.16 89.89 116.64 86.90 108.17 49.16 104.48 117.59 117.29 109.58 110.57 97.92 87.76 103.61 94.33 100.72 95.75 90.02 96.88 97.60 107.85 114.00 118.54 101.28 112.03 124.75 110.54 104.26 97.36 131.84 127.69 126.87 132.26 101.99 111.77 114.63 119.04 127.50 116.40 133.65 122.36 124.01 114.78 118.19 125.97 114.73 134.14 120.26
128.97 117.54 131.32 134.26 119.17 61.92 87.70 85.38 101.80 76.93 99.48 117.88 114.11 132.08 119.86 106.28 82.10 37.87 63.60 81.62 85.31 118.65 115.17 81.61 79.97 95.16 122.98 123.70 101.82 78.58 116.95 114.78 113.60 116.98 99.31 100.42 92.28 91.53 98.16 98.81 99.15 112.58 90.20 96.56 111.70 116.74 99.58 103.47 112.07 119.21 101.19 92.06 97.31 126.39 122.35 124.67 121.94 102.39 116.54 129.03 132.09 117.70 125.05 130.73 106.31 92.39 113.99 132.14 132.53 71.70 113.36 103.80
125.20 122.67 115.91 122.07 125.69 117.17 56.83 89.56 94.98 75.13 94.45 95.59 105.40 123.39 120.62 127.11 98.73 111.88 59.42 77.78 72.38 116.98 90.32 76.30 79.28 125.47 119.97 125.04 65.86 89.77 93.72 117.16 114.59 103.95 95.71 103.90 83.18 89.28 98.10 100.46 105.38 93.12 97.60 111.92 116.00 102.42 106.13 105.19 110.84 114.84 99.67 91.57 104.21 116.32 119.68 114.87 97.40 104.47 117.84 127.63 113.13 122.20 122.72 119.60 99.69 121.63 133.37 134.45 135.75 119.55 133.94 61.73
129.20 129.59 124.05 117.84 110.82 126.17 133.06 70.96 71.06 65.46 110.41 61.15 121.05 105.01 48.07 117.48 121.60 119.44 29.27 47.76 105.29 112.44 85.84 88.71 93.05 98.38 118.43 116.91 84.82 95.44 123.91 116.74 118.79 103.65 111.59 113.36 92.37 98.50 102.43 107.75 98.85 101.06 108.06 114.80 108.69 102.32 106.14 107.98 114.78 115.44 97.31 103.74 109.84 125.29 106.39 94.65 95.89 105.49 121.64 105.57 115.74 123.51 128.78 108.28 138.46 133.84 133.52 137.06 129.52 135.41 131.07 105.74
116.49 111.97 118.77 118.75 126.21 129.50 122.01 118.75 41.69 25.65 53.36 50.72 25.48 28.14 48.03 40.70 43.40 55.16 27.00 35.47 111.93 54.18 44.42 35.11 74.10 88.75 103.82 69.81 84.70 88.98 79.70 103.15 110.94 104.74 105.44 83.60 85.20 94.17 92.24 96.37 95.28 99.68 102.09 96.49 100.03 99.10 109.17 108.26 101.56 94.44 97.69 99.44 102.38 104.08 100.76 111.85 118.05 107.17 111.11 105.13 111.65 110.90 109.71 111.54 126.65 123.74 128.57 116.39 128.45 136.05 113.19 105.17
51.17 51.16 49.01 26.56 52.54 54.59 26.37 47.80 56.03 111.15 107.06 97.34 91.80 96.89 83.20 109.33 99.81 52.40 98.55 98.11 54.62 20.76 89.71 101.73 39.99 84.68 73.97 95.44 90.09 78.73 97.81 41.00 38.96 30.82 95.75 81.40 91.23 96.53 90.96 92.21 93.26 103.64 85.54 98.88 98.54 104.94 105.96 91.62 100.04 95.47 102.13 102.51 94.51 102.97 108.43 123.69 116.56 109.32 113.54 116.15 106.65 112.96 102.79 112.25 119.97 129.45 115.92 124.95 132.10 138.28 108.19 101.38
101.60 116.60 114.70 121.98 81.71 93.15 113.47 108.83 126.51 110.45 107.54 92.60 92.55 89.80 95.51 114.60 102.95 93.16 107.68 91.61 51.84 99.78 106.86 112.95 97.76 24.21 24.18 26.84 29.57 31.00 33.97 36.15 36.99 35.43 24.94 86.50 100.51 95.52 91.46 92.30 97.35 97.48 97.50 97.44 102.22 109.51 92.05 102.45 100.00 92.82 101.88 88.38 93.61 104.93 109.18 129.10 101.41 107.95 116.60 112.89 111.73 101.66 107.92 108.47 118.67 109.03 120.44 129.87 131.91 133.93 107.15 104.59
107.02 119.56 124.28 122.74 79.71 120.92 117.55 116.91 127.61 108.43 112.23 126.24 83.76 93.96 104.03 109.11 96.96 105.06 122.87 124.22 89.42 92.44 110.41 99.79 90.30 88.29 109.45 112.58 36.13 35.02 34.94 35.75 36.76 37.46 35.42 29.44 31.34 32.45 25.89 87.77 99.53 91.22 90.35 105.04 107.82 91.99 103.30 98.19 98.55 92.74 100.83 86.47 111.78 113.78 102.27 101.52 101.50 110.51 115.12 114.54 100.08 103.79 108.84 110.55 107.65 108.99 121.80 132.49 129.84 131.42 103.61 107.06
118.67 128.58 124.86 77.06 111.26 120.11 114.24 118.10 130.78 97.76 110.16 130.54 83.68 131.21 122.36 65.42 72.80 72.74 122.15 108.18 50.79 120.65 109.80 51.18 100.73 115.15 114.73 114.06 75.60 45.22 41.65 40.20 39.83 39.87 40.02 39.18 35.59 35.26 33.47 22.03 61.74 84.32 99.34 111.03 95.74 96.56 96.08 85.84 87.33 101.75 80.68 97.15 128.31 103.50 113.17 88.37 107.96 114.34 119.72 100.74 104.20 109.07 112.72 110.77 109.21 106.37 118.76 130.67 124.23 130.67 99.58 105.25
111.21 108.00 75.13 119.24 127.00 120.30 122.21 123.75 120.39 95.17 118.74 112.17 66.72 130.73 113.42 124.71 104.38 105.47 107.98 69.72 96.34 126.39 102.96 84.61 100.51 123.39 124.35 116.43 91.50 55.85 52.13 48.36 46.12 44.85 44.14 43.72 43.00 40.89 39.85 36.35 20.42 63.26 69.98 69.59 57.74 94.42 86.76 91.92 109.79 78.68 104.69 112.50 127.98 127.16 101.39 86.29 111.20 120.80 98.68 102.98 109.20 114.63 116.47 104.45 110.25 106.37 115.92 126.32 123.16 128.40 98.15 97.18
113.91 75.57 86.23 125.63 114.80 129.74 128.43 123.28 123.33 114.39 127.35 46.98 119.41 121.89 115.52 126.09 95.19 103.46 44.63 63.49 119.19 102.63 72.87 95.11 109.09 119.73 122.47 86.88 65.12 99.02 64.05 58.84 54.99 52.20 50.31 49.02 48.07 47.24 45.77 44.43 40.06 19.62 65.24 61.89 48.83 93.79 102.91 118.22 83.92 111.54 122.04 122.59 115.40 123.65 97.04 80.31 97.10 60.09 99.50 108.33 104.09 116.61 117.45 92.83 108.73 106.38 112.22 113.89 121.98 103.84 102.29 99.77
105.44 95.10 81.93 86.51 57.96 122.41 125.96 129.25 105.63 120.64 119.35 76.23 119.70 109.82 112.28 96.35 97.79 75.72 99.05 88.44 106.87 89.26 85.19 100.03 99.48 86.55 84.82 71.10 114.17 96.10 67.44 67.30 63.96 60.81 58.02 55.82 54.10 52.83 51.78 50.36 49.05 44.08 19.26 53.88 95.53 107.23 114.11 86.22 103.01 114.75 128.99 119.48 125.06 108.40 82.37 105.45 123.22 99.23 107.29 108.69 102.03 117.61 115.73 100.27 99.35 104.33 107.55 109.54 113.48 104.16 99.08 94.38
112.30 100.47 95.52 91.67 85.27 72.10 112.89 118.34 115.94 92.53 88.69 88.88 84.44 74.01 83.44 88.54 76.67 96.27 92.67 87.12 88.74 104.89 112.22 105.46 114.50 87.83 86.29 97.91 110.47 88.77 106.56 68.13 69.11 67.45 65.29 62.96 60.82 59.01 57.53 56.14 54.79 53.44 48.25 18.99 60.27 108.38 85.14 99.64 111.26 130.62 120.13 123.84 84.73 83.11 94.63 125.57 104.71 100.30 105.58 108.86 108.82 108.00 116.77 97.56 101.30 100.21 94.03 104.16 112.94 103.31 94.68 86.01
107.83 102.36 112.83 90.24 95.21 110.87 96.91 115.50 103.99 96.07 88.20 85.42 91.69 87.68 93.34 87.43 57.92 81.40 91.53 91.81 91.19 119.71 97.72 118.51 98.98 86.31 95.45 102.37 104.13 95.89 93.47 111.80 71.29 70.45 69.15 68.03 65.96 64.19 62.60 61.04 59.72 58.45 57.28 52.12 18.86 62.71 62.93 94.95 104.19 122.55 80.28 70.18 56.86 85.36 120.78 102.43 97.81 64.38 110.36 113.47 108.36 114.47 101.42 106.60 101.25 138.80 131.75 94.20 113.40 100.98 89.64 95.38
104.70 113.73 107.61 88.44 112.91 108.97 112.19 123.78 116.07 113.38 90.29 101.67 89.61 86.97 87.16 87.52 100.19 117.44 117.93 93.51 112.60 109.58 104.25 92.17 88.29 101.80 99.10 95.04 93.98 101.86 101.05 114.62 87.28 70.46 71.49 67.52 66.43 65.38 64.28 63.28 62.49 61.65 60.84 59.95 55.25 18.76 62.13 68.53 75.36 79.38 75.54 64.15 59.49 97.64 85.67 97.65 122.27 122.50 103.59 104.79 101.13 114.94 87.30 103.69 98.76 123.38 117.86 88.39 109.60 85.26 89.93 112.53
121.96 101.74 89.58 111.46 117.13 114.00 124.96 133.68 128.53 120.04 126.43 121.58 88.68 83.96 123.28 91.62 120.03 119.33 122.64 125.83 119.35 99.81 89.55 105.12 116.43 106.13 87.21 110.94 111.88 116.28 116.91 113.15 100.89 115.38 63.17 64.51 63.86 63.01 63.08 63.27 63.12 62.77 62.34 61.66 61.12 57.24 18.66 64.84 72.68 75.87 70.31 63.62 62.27 65.43 63.71 102.69 127.18 133.26 132.74 128.39 67.39 59.94 117.76 87.28 105.91 131.90 131.31 136.67 50.95 78.35 124.50 125.08
105.17 93.02 96.27 111.23 118.99 111.84 120.49 133.44 126.63 133.61 123.72 77.39 81.19 114.99 90.51 86.43 111.37 124.07 122.70 117.80 113.89 97.51 93.97 114.05 101.77 80.92 99.33 113.93 115.74 113.37 110.11 103.00 104.33 88.62 88.70 61.24 60.04 61.79 63.68 63.31 63.14 62.70 61.76 61.91 61.97 61.88 58.54 18.63 67.79 72.57 68.27 64.18 63.14 63.92 63.41 126.85 132.18 125.57 129.53 122.54 116.74 131.34 130.65 84.27 124.82 136.30 130.99 133.58 49.49 131.72 131.66 129.43
102.91 92.97 125.49 122.22 125.37 117.70 125.87 113.58 122.26 119.64 90.85 80.12 91.90 94.52 89.92 100.20 118.45 104.67 119.49 116.28 107.58 89.89 110.16 96.52 99.37 96.63 109.23 114.02 116.03 113.43 104.78 101.94 102.79 88.72 104.55 102.99 85.63 92.95 63.78 63.33 62.20 59.80 62.35 63.04 63.17 63.01 62.80 59.70 18.65 67.62 67.42 64.54 63.47 63.48 65.19 122.01 114.86 124.47 119.35 126.18 123.49 127.70 49.23 56.77 117.26 76.03 129.78 126.37 44.73 129.79 135.72 133.06
102.24 91.22 90.72 118.62 124.74 122.12 114.85 78.01 76.78 81.90 87.13 92.24 91.94 98.44 96.81 112.19 100.20 119.62 111.45 102.81 85.50 108.03 100.41 100.32 107.67 108.03 104.13 105.01 112.69 107.24 93.65 118.22 104.28 87.64 104.58 101.38 107.02 107.47 100.21 87.81 55.67 96.00 68.01 66.03 64.67 64.29 64.22 64.12 61.06 18.54 64.37 64.57 63.48 63.62 66.11 70.88 55.65 65.05 107.56 113.45 112.93 47.88 130.31 72.31 131.88 119.17 132.62 112.43 70.64 84.40 117.42 132.13
97.62 105.97 100.61 107.98 98.15 61.47 75.27 116.17 110.73 101.98 111.25 110.05 94.80 105.70 115.45 116.33 108.62 112.98 104.06 99.75 90.77 117.46 102.45 107.16 109.90 115.88 102.81 103.72 103.16 94.94 110.89 114.04 100.05 103.83 106.10 111.97 106.24 107.67 104.20 99.98 105.79 115.18 69.19 64.90 65.69 66.72 66.36 66.12 65.55 61.91 18.50 62.12 63.60 63.94 64.03 48.27 59.72 61.47 58.97 54.59 68.73 119.02 60.69 68.72 72.76 125.54 135.07 130.11 110.76 125.24 73.97 124.80
103.32 102.52 108.89 110.82 99.52 108.73 51.43 115.35 107.44 110.13 116.08 116.09 92.87 101.28 127.21 121.05 115.40 103.84 101.89 98.96 124.04 112.39 106.37 105.81 110.16 107.81 92.76 112.35 112.36 101.95 112.68 111.88 97.96 101.47 107.23 111.36 105.99 101.45 100.28 109.86 103.26 115.84 103.80 97.32 106.32 70.19 69.49 66.84 65.36 65.08 62.30 18.41 61.16 61.72 44.23 57.13 60.26 60.25 61.40 112.33 121.07 121.44 127.50 117.52 113.84 126.93 130.76 121.63 129.70 128.91 124.34 47.97
105.84 112.49 116.69 107.36 120.33 95.19 83.01 113.86 115.71 114.37 119.75 111.82 92.74 112.47 93.23 122.62 97.31 106.94 112.27 112.67 124.94 129.13 107.80 112.35 104.79 112.74 99.37 119.19 110.08 117.98 112.98 107.02 98.16 118.29 108.47 108.26 107.06 96.73 101.79 108.11 104.55 108.69 105.14 112.38 111.14 102.95 64.46 63.08 65.20 66.50 65.74 61.91 18.38 47.49 125.53 127.61 116.35 128.33 123.32 130.45 125.18 130.33 134.52 119.86 120.00 127.02 130.07 125.09 127.14 133.66 132.66 83.95
133.93 128.47 125.39 130.63 125.75 89.32 113.44 122.64 118.58 120.29 118.88 111.02 104.02 119.43 109.37 98.77 105.37 119.35 118.47 112.72 123.24 130.27 98.34 105.68 118.15 113.77 104.02 116.00 118.31 115.86 110.65 108.04 107.38 114.13 109.77 111.45 105.18 112.03 106.22 104.12 112.34 112.49 112.60 108.90 112.52 107.91 88.78 118.86 108.07 65.96 63.14 61.93 58.41 18.18 113.02 122.38 128.32 118.24 126.28 132.34 129.02 114.26 119.50 117.78 130.15 135.61 125.82 133.81 135.27 130.13 127.00 17.66
135.32 129.01 129.67 134.10 131.65 87.19 133.32 123.98 124.07 121.46 125.87 116.69 115.72 120.80 104.39 104.39 113.09 111.50 121.50 107.15 125.03 103.71 110.49 103.15 123.85 109.69 121.54 122.82 118.46 118.32 107.01 116.82 105.89 116.17 111.02 112.59 102.81 109.32 108.94 103.94 115.45 112.48 113.93 114.21 109.60 104.59 111.39 116.02 109.41 109.46 103.13 104.61 118.52 116.72 58.61 18.14 72.68 124.98 127.89 117.59 117.47 117.56 112.14 119.07 118.37 117.07 131.55 140.32 129.55 44.07 17.76 9.30
99.57 116.58 128.08 138.02 129.98 88.06 136.76 134.20 129.81 126.08 123.39 124.66 121.54 118.05 103.46 116.24 120.12 127.70 123.69 116.28 131.74 132.60 110.41 116.87 119.92 109.38 128.40 123.04 119.91 118.42 111.80 118.74 106.61 117.56 112.08 108.86 113.12 113.15 111.12 107.27 118.43 120.31 115.37 113.09 104.83 112.65 103.44 116.83 108.35 113.71 105.99 108.00 113.70 121.61 105.77 118.92 18.17 96.94 123.32 126.54 129.21 114.30 107.61 34.86 8.43 8.43 40.78 8.43 30.84 11.94 6.88 94.65
122.64 93.87 101.04 97.25 52.60 55.90 103.91 101.98 108.59 130.56 130.11 131.72 135.63 123.09 108.71 114.83 135.96 125.71 133.22 134.25 141.00 134.08 109.00 141.85 140.97 130.21 137.53 137.00 129.81 126.95 130.42 125.08 117.10 123.64 123.53 119.56 117.89 119.44 115.73 115.63 130.74 125.95 118.85 115.05 119.39 111.78 127.54 121.54 118.37 121.65 112.47 117.84 127.56 128.39 115.18 128.67 121.90 22.77 50.35 25.47 28.23 29.72 30.32 3.92 136.87 141.07 139.68 115.21 112.66 135.67 140.40 135.55
131.61 129.32 131.04 122.06 116.88 83.65 110.00 131.23 124.93 119.20 75.93 71.40 107.10 64.02 66.52 119.76 139.33 134.56 142.20 142.11 137.73 64.34 72.29 71.91 131.52 133.05 131.06 138.16 130.43 134.08 129.48 125.95 128.34 131.88 120.90 122.67 115.35 121.34 123.52 112.01 133.82 128.82 118.14 123.10 116.81 108.06 127.75 119.39 122.49 122.70 107.24 120.23 127.30 106.18 125.31 127.86 125.72 124.63 132.62 128.63 34.75 31.72 4.21 61.01 110.59 123.59 128.89 117.06 105.58 115.26 129.56 100.65
129.18 132.28 136.41 136.44 137.05 101.15 127.64 139.92 135.78 136.52 134.50 122.64 131.20 133.60 122.83 60.29 122.85 134.28 131.18 119.03 123.07 72.37 81.09 68.65 124.70 134.30 120.89 133.97 129.49 129.97 139.20 125.39 140.65 127.45 123.09 129.69 120.76 122.49 131.65 115.54 139.50 137.85 123.67 123.88 121.43 115.11 129.06 128.09 122.36 122.30 110.18 116.49 122.11 134.20 133.24 120.65 116.88 129.45 127.92 80.50 62.29 4.58 74.02 64.02 104.33 122.98 94.69 122.08 124.04 115.27 126.80 96.75
110.11 123.95 123.90 136.90 138.82 127.42 49.83 131.29 123.16 136.82 140.53 135.34 134.00 140.39 134.07 120.96 102.73 69.90 109.66 126.77 124.14 109.49 116.55 117.50 106.70 118.88 105.16 108.87 120.48 121.60 135.81 124.02 135.67 136.51 132.19 125.97 124.52 125.83 133.89 117.72 136.44 139.17 118.04 120.03 128.03 123.67 139.86 128.45 125.89 128.61 119.10 123.48 130.37 119.54 114.20 98.42 120.15 123.61 78.79 55.44 4.72 72.98 90.30 116.55 99.00 101.03 66.84 131.25 132.58 130.68 129.47 133.30
71.30 101.63 64.56 96.32 64.46 55.22 74.78 54.70 67.65 128.36 134.13 130.02 123.41 128.52 133.74 131.21 133.80 123.88 127.04 139.39 135.10 127.21 123.39 127.44 117.89 92.26 98.20 83.68 116.88 128.90 129.52 129.68 123.49 129.71 138.76 132.74 133.75 132.38 113.87 135.21 127.02 130.91 121.48 131.68 135.25 133.80 128.80 136.17 136.53 128.95 127.19 130.53 135.84 127.16 98.74 123.30 110.97 119.05 48.32 4.66 70.83 109.67 133.75 122.32 118.50 112.26 109.42 135.76 135.59 136.95 137.57 134.67
132.78 119.77 115.36 113.29 61.01 123.96 122.20 118.78 57.96 99.62 126.46 117.81 105.92 117.25 126.16 127.56 119.55 133.56 138.01 141.42 146.87 135.63 128.41 115.29 101.52 124.94 122.41 73.71 123.49 130.13 122.05 126.60 113.47 123.67 129.52 126.96 129.96 134.30 134.69 128.27 129.45 135.27 123.52 132.02 130.01 138.31 125.04 137.27 138.90 137.42 138.96 136.68 138.18 127.78 138.70 125.25 110.06 41.12 4.65 67.59 112.74 124.95 131.33 127.00 125.94 119.56 115.10 138.75 137.75 128.61 138.82 131.41
139.39 123.64 133.13 129.98 122.79 139.32 131.51 123.63 118.25 105.52 89.74 103.27 104.08 93.79 59.02 85.15 52.60 126.28 132.81 132.04 127.10 146.00 137.11 121.30 126.56 128.50 129.36 88.71 130.25 122.92 132.37 123.93 70.64 117.27 109.08 116.21 120.18 128.65 130.14 116.01 121.35 128.86 126.78 124.62 126.35 128.66 122.01 128.69 133.01 129.95 135.47 133.86 135.67 129.27 130.03 126.57 33.89 4.74 65.25 72.06 133.49 115.53 130.63 131.93 133.66 121.75 114.82 115.83 72.41 125.20 137.96 134.07
