Data/ASC_file/zhimenda_HumusSoilDepth.asc
ncols           679
          nrows           333
          xllcorner      90.54720
          yllcorner      32.43537
          cellsize        0.01000
        NODATA_value  -9999.00000
[rows 264 to 296 of 333, columns 146 to 218 of 679]
115.55 118.16 115.53 114.83 97.36 97.44 102.93 112.16 88.21 117.09 106.64 108.97 103.65 109.79 79.74 99.25 106.47 112.29 97.87 114.75 117.44 112.51 115.76 102.93 118.22 103.52 96.22 37.56 49.45 99.58 97.93 102.55 102.82 111.82 93.73 117.15 116.12 108.12 115.20 118.05 114.35 113.63 114.27 86.89 75.57 92.29 105.96 111.86 106.76 113.48 102.80 110.81 77.42 78.00 103.08 102.31 113.73 106.36 96.87 65.26 36.25 43.97 44.99 42.40 32.97 62.83 95.97 102.54 112.47 112.43 116.15 109.27 86.32
81.18 76.33 52.12 90.67 95.98 98.14 118.04 97.64 65.64 120.46 106.50 95.20 121.00 88.12 103.28 111.63 124.12 55.80 111.68 119.66 110.85 120.01 107.70 118.54 114.49 100.48 41.39 47.02 51.69 103.03 93.88 111.41 114.71 99.32 111.71 114.88 105.32 101.37 106.91 113.42 112.76 105.63 97.62 88.68 93.75 108.32 117.20 95.01 99.57 110.34 51.19 68.47 113.23 109.22 111.64 104.89 108.96 103.92 93.80 41.98 45.98 45.98 44.85 44.61 42.62 37.13 99.71 112.19 100.67 106.45 98.69 100.34 92.48
112.80 105.70 114.76 111.46 117.34 113.67 122.22 114.95 116.44 115.77 107.57 119.77 101.75 96.93 118.50 110.34 124.51 93.37 116.13 120.57 100.55 100.83 114.54 111.60 110.24 90.70 48.91 46.59 79.91 109.04 108.00 111.11 96.69 108.61 112.90 115.64 108.03 85.09 86.54 85.28 79.59 51.27 46.83 118.83 114.93 113.76 112.35 102.69 114.88 76.57 43.27 100.80 117.11 113.52 119.11 112.86 116.43 97.31 87.85 49.14 48.03 45.95 44.64 44.40 45.15 42.81 105.38 115.06 91.57 109.52 99.55 115.05 114.31
112.99 117.28 122.66 125.60 122.97 120.57 102.83 121.18 112.30 117.56 114.70 115.39 89.77 115.75 119.11 119.44 107.55 113.38 124.50 114.07 120.34 107.04 101.69 100.18 93.53 100.17 85.94 62.18 80.81 109.34 78.84 87.51 86.60 96.75 104.96 63.26 92.02 109.01 115.74 112.08 114.39 117.46 120.18 110.61 99.24 70.97 86.90 76.82 63.33 93.85 115.80 106.75 97.99 94.75 115.80 97.86 86.36 105.97 110.49 50.71 48.45 45.94 44.48 44.13 45.28 46.47 41.56 58.62 61.99 63.01 93.30 95.62 94.07
105.98 114.56 116.58 109.11 119.01 120.97 86.99 118.71 113.19 111.82 109.24 119.71 64.16 120.50 111.85 116.92 99.13 127.74 114.08 117.16 115.68 115.10 106.70 92.99 85.83 83.57 51.24 79.48 91.47 69.62 89.25 93.17 96.81 99.08 110.30 102.09 93.79 115.52 108.76 113.26 109.45 119.58 112.92 97.54 103.31 112.79 56.68 111.01 107.46 92.09 86.45 104.38 113.22 107.20 106.10 108.52 105.60 115.69 112.74 53.12 48.51 45.83 44.28 43.64 44.93 48.62 53.08 47.77 63.95 94.71 111.32 102.84 106.62
96.30 95.49 60.58 100.28 113.75 119.91 102.02 96.04 117.51 105.33 108.15 117.78 111.16 104.42 123.20 114.61 109.71 95.60 88.27 54.58 83.53 105.93 85.51 108.85 49.86 41.64 47.97 90.20 70.01 84.09 89.99 94.62 102.51 110.15 94.77 104.39 103.00 116.06 120.46 113.10 93.11 118.11 107.17 51.51 77.55 79.00 80.42 108.41 79.27 81.30 106.66 105.81 115.06 114.24 117.26 113.49 113.23 113.60 108.16 98.81 47.37 46.11 44.22 42.97 44.56 49.42 57.74 64.08 51.93 64.17 67.72 114.63 115.47
119.07 116.58 122.43 122.65 116.52 98.54 95.01 117.67 118.63 94.35 116.47 109.29 60.00 118.77 121.94 110.37 120.47 100.56 113.65 104.30 100.07 53.94 83.90 81.54 86.15 53.56 52.21 82.92 86.78 90.18 89.70 95.14 112.32 97.15 106.85 106.99 104.22 113.89 113.45 99.59 97.69 98.51 87.85 88.65 102.48 104.05 96.42 106.11 103.45 98.12 82.29 107.61 115.18 108.27 117.82 113.01 109.65 101.70 95.56 87.72 44.88 48.59 44.12 42.05 44.24 51.49 64.75 66.36 102.26 55.33 65.58 103.77 112.26
110.05 110.90 114.00 115.15 104.28 85.82 119.11 121.87 113.98 90.16 113.28 113.49 81.51 121.03 118.01 95.65 103.26 113.77 110.02 105.20 104.03 111.69 107.10 96.15 102.64 87.24 85.02 109.60 77.63 95.05 110.79 84.73 86.76 101.86 108.10 110.29 111.17 109.08 103.34 91.62 111.42 89.49 110.51 92.04 116.91 106.33 98.40 99.59 104.31 107.83 96.64 115.28 107.67 111.84 114.26 110.03 107.18 99.73 113.45 42.25 48.01 54.20 44.33 40.50 44.17 84.95 89.44 106.51 104.88 102.66 99.13 89.95 59.42
89.82 84.30 77.57 84.69 87.01 56.20 124.68 116.72 106.43 86.58 96.71 88.91 111.47 119.71 109.06 117.40 68.57 115.78 116.01 105.79 111.16 106.13 102.35 113.46 95.55 82.52 85.70 116.20 74.22 104.36 109.60 114.44 80.15 94.21 107.38 113.44 110.54 102.44 117.80 108.92 100.71 110.82 109.11 90.73 111.79 108.54 105.02 112.11 103.57 113.87 82.67 92.49 102.00 109.98 112.64 107.38 92.81 107.54 98.51 49.45 47.98 75.86 92.24 36.58 92.57 90.22 103.46 103.93 111.69 107.96 112.63 112.80 114.39
89.58 112.71 117.03 119.88 116.03 117.27 121.83 113.11 119.04 108.78 83.97 87.30 112.87 112.93 113.97 84.23 88.82 113.23 117.73 116.64 113.66 108.14 116.40 112.63 90.01 102.01 88.70 120.47 85.80 78.28 112.41 115.05 91.28 96.86 109.90 101.92 58.14 94.71 115.06 114.50 116.88 109.80 100.44 89.33 105.52 119.01 120.22 113.95 94.00 110.08 115.09 91.61 93.55 108.51 110.11 92.93 107.43 92.22 80.34 86.04 65.53 100.20 41.25 98.97 101.99 87.46 113.61 102.22 108.12 114.61 121.22 121.75 121.75
104.86 112.41 118.69 113.20 118.90 118.73 109.07 111.37 105.85 88.40 74.99 99.22 108.82 103.48 93.50 77.51 95.54 115.21 99.08 112.18 111.02 120.71 113.52 84.30 86.18 117.29 87.06 115.20 117.97 80.25 115.91 107.66 106.00 74.80 61.11 102.16 99.11 84.70 112.90 105.44 119.16 108.31 103.50 95.61 113.94 102.29 118.39 112.87 85.23 99.05 108.37 110.37 93.60 96.31 99.17 97.05 95.89 85.99 89.95 94.08 102.84 50.71 64.79 100.87 102.38 95.11 85.60 113.59 116.23 109.89 112.34 112.87 114.22
106.19 106.75 99.43 106.82 109.79 112.21 64.98 73.64 44.92 70.57 98.41 106.68 78.63 111.16 52.75 90.83 97.71 100.83 110.07 115.24 115.56 112.43 89.15 100.42 116.83 120.02 55.50 115.13 113.96 77.95 113.47 106.44 104.36 112.34 98.12 88.77 112.67 78.56 90.08 103.04 115.89 107.70 116.58 111.10 102.35 112.39 120.55 112.70 108.68 94.84 91.91 97.84 99.08 84.10 104.94 93.03 90.64 92.67 103.84 103.89 30.08 40.15 85.71 104.04 115.57 99.62 95.04 118.93 118.38 116.15 110.38 99.00 93.24
67.43 38.22 77.73 74.68 72.05 73.70 84.40 81.50 76.20 85.04 97.47 108.93 107.20 105.22 72.01 94.32 99.68 104.16 107.31 107.87 106.68 92.98 107.50 64.77 123.83 113.89 56.47 121.17 88.51 100.05 117.27 115.67 117.67 108.35 100.21 101.63 112.06 98.49 88.71 98.40 106.82 107.86 98.29 109.09 113.59 114.24 115.46 113.83 104.56 98.23 98.40 99.09 95.39 111.12 94.48 69.65 75.23 92.83 91.35 82.32 34.08 60.70 98.55 83.15 103.43 119.71 97.33 98.77 112.43 114.46 111.08 109.36 94.51
94.31 53.42 74.87 92.39 110.57 88.08 113.53 104.83 81.48 109.06 107.28 94.36 69.86 76.27 98.56 103.63 92.37 100.45 95.15 99.55 86.29 105.17 116.47 112.14 115.03 93.68 96.97 113.17 59.19 106.48 124.22 120.10 122.65 116.44 112.03 112.89 97.84 94.60 102.85 96.98 108.86 106.16 115.96 103.26 109.81 113.61 111.91 118.68 107.99 109.71 105.21 97.83 106.82 98.59 58.17 46.05 50.69 32.04 31.88 27.82 94.44 98.85 93.27 106.24 109.14 121.66 87.48 113.03 101.06 121.27 120.30 115.17 104.27
38.30 81.26 89.28 69.70 84.64 103.98 115.28 100.62 104.05 41.19 47.73 47.86 46.48 97.89 69.44 50.67 65.57 114.96 103.50 119.57 122.72 117.54 115.84 118.04 121.08 118.37 105.65 113.37 106.43 113.56 102.56 123.61 112.66 112.54 83.54 109.32 81.91 65.01 99.08 95.57 97.60 107.49 100.82 97.94 79.89 97.34 96.19 107.79 97.41 85.43 100.05 93.78 87.15 56.40 67.57 76.30 84.24 83.81 82.97 102.69 103.67 107.08 121.67 123.82 120.91 98.71 102.29 113.31 123.22 118.30 113.13 121.12 114.58
102.33 95.27 82.20 85.00 83.10 102.62 119.74 116.67 115.53 107.95 47.32 103.52 93.75 70.93 91.38 96.11 80.22 92.65 55.84 94.99 109.21 107.95 110.09 110.68 120.15 118.36 107.67 116.65 117.31 110.86 111.74 96.41 76.35 76.73 102.94 83.44 113.01 103.21 77.01 97.52 100.68 108.23 100.02 95.34 102.97 87.79 96.07 100.85 81.22 101.14 90.06 79.35 56.40 58.97 93.84 88.77 86.50 81.52 83.07 89.59 108.38 103.37 109.74 117.32 81.42 84.63 109.00 111.53 119.06 108.37 111.93 103.93 88.10
108.79 101.09 80.95 94.74 111.33 58.24 102.35 109.69 111.81 105.28 100.46 85.38 103.31 104.07 95.14 96.08 105.12 117.12 110.10 84.99 99.63 107.35 89.61 118.01 115.77 117.22 118.26 114.39 112.46 111.44 102.92 107.39 113.80 118.08 120.78 114.67 111.44 109.56 85.48 83.90 100.67 105.98 98.17 100.54 108.34 112.00 105.54 103.54 96.39 89.35 75.18 56.35 81.81 90.44 105.56 88.89 82.93 85.53 91.79 98.90 107.82 102.38 96.54 116.10 109.06 103.85 101.61 107.84 100.59 101.60 110.56 107.51 109.29
75.36 102.40 97.82 98.71 106.86 85.41 69.52 78.34 84.71 85.39 58.15 104.48 89.93 94.21 102.10 99.53 88.23 111.39 114.50 119.28 119.17 114.94 118.98 101.05 106.20 113.24 116.18 106.64 115.34 117.53 115.24 118.98 126.47 115.30 119.19 113.71 90.73 111.67 90.72 85.50 92.92 90.96 100.81 95.76 100.00 108.59 109.81 104.16 95.11 71.01 56.85 75.20 88.86 89.87 101.14 90.52 84.97 93.94 91.20 100.90 98.41 95.13 110.93 95.38 105.19 115.75 106.45 116.00 111.33 83.07 103.63 118.25 117.81
94.42 111.58 106.73 93.39 95.06 114.94 73.34 103.34 112.64 105.59 106.43 112.90 110.73 108.19 113.59 110.59 103.46 110.56 113.44 112.49 110.24 116.38 123.94 93.07 104.09 124.91 123.80 100.71 122.21 118.87 121.44 114.70 114.45 109.67 108.74 100.61 108.65 103.27 96.31 86.66 87.11 81.52 88.61 93.08 93.63 96.60 98.50 110.01 57.31 62.09 81.34 77.71 80.48 97.84 108.44 96.27 89.11 87.10 109.86 102.76 107.75 101.28 83.49 92.35 110.26 117.24 104.75 114.77 117.91 108.04 85.56 115.38 101.10
93.34 116.05 102.90 103.65 100.51 116.29 54.93 44.59 51.11 95.50 106.30 109.57 113.07 118.59 112.90 110.59 112.03 105.34 -9999.00 107.98 99.54 115.14 120.21 89.55 115.52 107.59 123.82 97.61 122.21 110.56 116.50 112.57 106.84 101.38 100.75 113.09 106.37 107.80 93.17 51.95 82.67 84.36 82.62 85.37 85.80 65.49 96.59 84.84 66.57 103.23 106.75 68.69 97.63 99.77 115.90 96.25 88.19 86.98 115.66 111.38 115.79 106.62 116.51 112.83 106.91 114.00 94.30 58.38 85.44 119.92 104.07 82.92 116.69
100.18 118.64 113.32 110.84 100.45 117.09 84.19 82.32 99.69 77.31 95.07 101.05 110.12 99.80 107.44 111.96 -9999.00 -9999.00 -9999.00 108.77 92.96 107.30 111.26 77.81 83.67 107.90 118.81 89.77 99.39 107.08 109.99 106.84 103.49 100.62 109.83 101.67 104.76 105.84 91.56 103.25 104.71 92.50 82.51 79.80 58.68 90.03 75.12 51.92 109.07 109.01 75.06 70.25 100.34 104.80 113.08 114.22 89.11 79.55 112.22 120.47 107.19 110.36 95.05 88.74 115.89 100.95 114.90 111.56 110.29 92.66 116.77 121.40 96.24
92.16 82.94 115.02 115.84 104.15 118.38 112.03 53.18 100.62 102.44 80.63 91.45 57.98 88.47 107.62 118.43 109.72 -9999.00 -9999.00 105.78 93.49 103.18 111.31 107.48 85.38 111.51 114.70 119.21 95.28 92.62 103.61 102.80 102.53 104.99 109.54 99.19 100.79 102.15 99.69 96.76 108.22 95.31 87.25 73.57 93.49 92.17 90.66 48.76 90.95 96.00 69.67 106.27 110.02 111.24 114.34 106.24 87.40 104.54 81.32 82.24 92.28 101.86 91.88 111.41 115.65 114.35 118.05 123.16 121.17 116.22 96.27 115.94 67.72
48.12 61.16 112.48 118.36 118.09 99.21 52.65 59.72 52.66 95.12 94.13 91.43 97.86 104.81 84.86 103.52 -9999.00 -9999.00 -9999.00 -9999.00 87.87 94.62 112.25 95.45 84.71 99.22 109.55 109.19 100.23 93.95 94.42 92.36 100.90 101.11 105.94 93.15 93.95 95.18 96.63 96.67 101.91 82.22 91.74 109.92 85.16 86.03 54.50 101.15 97.94 82.54 73.66 111.15 118.15 112.39 107.44 94.63 85.05 111.98 107.53 101.33 93.69 111.45 114.02 117.60 113.55 113.32 113.89 118.98 116.67 116.39 99.91 58.61 104.98
59.61 53.12 99.82 104.31 100.90 56.03 67.12 67.19 60.90 96.94 101.98 114.18 113.21 114.74 105.66 83.17 -9999.00 -9999.00 -9999.00 -9999.00 95.00 100.03 103.60 98.25 93.05 92.30 101.53 109.03 102.07 101.09 95.63 102.18 98.74 100.65 101.93 93.41 87.57 95.92 90.53 68.17 69.57 53.22 69.13 73.66 68.62 61.55 38.62 52.65 106.96 99.03 71.83 110.78 101.18 114.29 116.72 99.13 88.01 111.22 101.11 117.51 94.97 116.15 118.92 115.61 123.08 114.62 95.34 93.98 110.73 67.24 67.74 73.56 118.35
96.49 101.67 116.34 112.35 102.32 114.00 110.62 86.62 80.66 97.61 118.41 -9999.00 -9999.00 -9999.00 -9999.00 -9999.00 -9999.00 -9999.00 -9999.00 -9999.00 -9999.00 88.49 89.80 51.69 72.83 47.90 80.60 89.07 59.50 81.25 83.66 89.36 90.80 89.43 85.31 61.93 60.66 57.36 40.33 63.98 66.48 96.72 73.79 68.66 65.62 82.80 84.24 102.42 115.56 107.87 111.71 71.20 61.07 102.87 113.89 109.14 104.14 101.31 110.26 118.20 63.05 56.19 89.65 95.75 84.87 52.63 119.40 95.96 69.23 123.09 118.57 120.96 107.19
91.57 116.82 107.43 111.83 113.52 119.48 -9999.00 118.52 108.94 109.52 -9999.00 -9999.00 -9999.00 -9999.00 -9999.00 -9999.00 -9999.00 -9999.00 -9999.00 -9999.00 -9999.00 -9999.00 75.74 102.31 103.64 96.24 103.49 65.25 91.26 71.53 113.18 96.01 82.42 50.59 58.26 91.90 101.49 99.92 100.15 99.19 90.61 109.40 107.72 97.39 106.60 74.37 90.99 112.16 109.48 107.36 110.66 101.81 39.66 95.94 116.33 103.09 101.59 93.56 109.58 119.72 110.14 93.88 121.16 117.92 102.62 106.59 120.85 103.23 43.12 121.81 118.12 113.54 104.55
95.04 91.42 115.55 -9999.00 -9999.00 -9999.00 -9999.00 -9999.00 -9999.00 -9999.00 -9999.00 -9999.00 -9999.00 -9999.00 -9999.00 -9999.00 -9999.00 -9999.00 -9999.00 -9999.00 -9999.00 -9999.00 107.03 116.22 117.32 111.76 104.37 103.72 103.69 82.52 85.06 81.09 103.95 84.32 39.81 102.10 103.57 112.29 104.29 99.00 94.03 114.67 109.89 117.56 99.68 75.37 108.22 118.24 114.41 106.49 117.61 106.55 43.92 105.80 91.37 116.70 120.62 112.27 115.83 118.64 104.36 61.76 114.46 117.56 120.37 118.47 115.26 98.52 67.63 111.48 115.29 104.96 101.10
116.76 104.80 116.58 -9999.00 -9999.00 -9999.00 -9999.00 -9999.00 -9999.00 -9999.00 -9999.00 -9999.00 -9999.00 -9999.00 -9999.00 -9999.00 -9999.00 -9999.00 -9999.00 -9999.00 -9999.00 -9999.00 -9999.00 120.07 117.65 113.59 121.52 109.76 88.49 92.96 64.78 90.33 73.78 36.04 87.49 106.26 105.41 99.64 106.10 108.57 102.33 109.24 116.25 108.07 60.79 106.48 118.10 121.16 118.34 114.66 115.15 102.96 63.56 85.78 93.61 112.31 101.96 110.40 98.46 111.25 115.32 99.74 112.68 112.97 118.34 118.22 101.76 62.73 83.48 98.96 110.89 92.69 112.00
114.96 106.13 115.15 -9999.00 -9999.00 -9999.00 -9999.00 -9999.00 -9999.00 -9999.00 -9999.00 -9999.00 -9999.00 -9999.00 -9999.00 -9999.00 -9999.00 -9999.00 -9999.00 -9999.00 -9999.00 -9999.00 -9999.00 115.92 107.15 92.94 113.16 89.18 114.71 110.26 117.05 82.37 38.88 46.97 94.74 115.74 105.11 109.48 121.61 110.75 109.80 117.51 108.83 88.82 48.74 91.41 119.35 99.05 113.09 108.70 106.35 68.95 81.18 105.02 109.00 81.94 81.27 57.01 103.85 114.29 116.02 108.51 114.76 111.55 107.51 106.48 72.90 106.01 96.30 96.32 91.99 120.64 111.33
-9999.00 -9999.00 -9999.00 -9999.00 -9999.00 -9999.00 -9999.00 -9999.00 -9999.00 -9999.00 -9999.00 -9999.00 -9999.00 -9999.00 -9999.00 -9999.00 -9999.00 -9999.00 -9999.00 -9999.00 -9999.00 -9999.00 -9999.00 119.85 116.58 123.02 101.87 61.36 122.11 123.45 118.52 88.93 70.36 77.64 108.25 113.86 116.42 111.58 118.85 111.26 119.94 115.74 108.93 79.93 96.74 105.08 90.50 86.72 96.42 82.04 61.96 71.21 84.82 116.35 119.04 117.71 117.12 100.24 117.75 111.55 63.36 101.70 104.84 93.87 45.74 41.40 119.98 116.40 118.70 108.06 95.21 124.16 121.77
-9999.00 -9999.00 -9999.00 -9999.00 -9999.00 -9999.00 -9999.00 -9999.00 -9999.00 -9999.00 -9999.00 -9999.00 -9999.00 -9999.00 -9999.00 -9999.00 -9999.00 -9999.00 -9999.00 -9999.00 -9999.00 120.24 109.88 114.06 116.21 112.11 96.75 125.55 121.24 118.70 107.34 40.86 75.04 97.65 88.40 119.29 120.26 118.34 114.23 116.90 124.01 116.46 84.18 94.53 118.42 117.89 114.62 104.43 67.12 92.16 92.19 53.06 86.87 112.19 118.49 111.69 119.99 101.90 96.57 105.79 111.77 117.14 101.66 61.56 93.26 122.87 112.40 121.91 122.45 112.02 95.23 97.93 121.23
-9999.00 -9999.00 -9999.00 -9999.00 -9999.00 -9999.00 -9999.00 -9999.00 -9999.00 -9999.00 -9999.00 -9999.00 -9999.00 -9999.00 -9999.00 -9999.00 -9999.00 -9999.00 -9999.00 -9999.00 120.27 115.93 98.00 83.69 82.97 86.83 80.57 119.20 108.76 106.62 71.07 72.47 93.91 85.26 119.26 124.08 116.24 119.84 112.35 114.12 120.74 106.75 80.34 121.95 117.12 116.51 116.42 63.30 72.64 106.26 111.73 100.49 69.60 81.57 53.77 104.12 115.17 118.59 110.29 121.65 120.12 116.52 91.40 77.04 112.00 101.50 100.75 110.00 120.27 111.03 116.77 107.90 122.06
-9999.00 -9999.00 -9999.00 -9999.00 -9999.00 -9999.00 -9999.00 -9999.00 -9999.00 -9999.00 -9999.00 -9999.00 -9999.00 -9999.00 -9999.00 -9999.00 -9999.00 -9999.00 -9999.00 -9999.00 105.97 116.17 91.24 114.47 116.90 117.98 112.48 89.51 84.34 55.22 94.70 103.02 91.42 88.51 113.22 120.78 111.42 100.04 110.13 119.15 98.16 47.54 110.85 101.13 120.15 113.02 104.56 78.52 101.12 114.91 121.00 114.75 97.80 119.07 90.50 87.53 110.88 117.87 123.84 117.04 117.72 108.37 63.77 104.83 90.12 116.40 117.84 110.77 114.39 118.83 60.62 119.81 116.00
