Data/ASC_file/zhimenda_TensionWaterCapacity.asc
ncols           679
          nrows           333
          xllcorner      90.54720
          yllcorner      32.43537
          cellsize        0.01000
        NODATA_value  -9999.00000
[rows 288 to 319 of 333, columns 216 to 287 of 679]
138.33 141.12 125.06 127.40 76.47 113.83 128.31 118.76 108.85 104.47 118.76 113.75 89.19 83.63 131.04 54.43 95.95 134.25 133.71 132.05 105.98 127.29 106.76 91.52 133.68 138.12 131.13 128.90 139.96 130.25 117.41 115.18 106.70 135.24 126.26 120.59 119.16 113.55 99.73 126.91 128.20 117.09 89.35 86.58 98.52 92.53 88.06 93.55 94.21 100.40 102.32 107.16 101.62 112.91 109.55 110.03 110.15 107.14 101.35 100.63 110.67 106.07 112.19 106.45 102.36 99.47 118.82 114.90 110.30 114.85 103.52 106.31
137.80 132.46 121.98 108.14 82.17 133.72 119.92 125.20 92.05 128.62 122.08 123.82 127.61 115.89 89.37 90.48 101.05 72.36 127.48 101.38 128.99 123.49 125.92 102.31 126.74 135.93 138.89 131.18 140.44 119.83 139.76 124.06 139.70 124.54 120.97 111.75 106.35 90.71 120.11 115.16 118.26 89.77 85.74 101.83 101.02 82.68 88.31 85.18 92.55 91.53 101.58 103.62 99.58 109.03 106.14 106.99 110.71 105.29 98.89 102.47 110.13 107.83 109.09 105.88 106.28 90.29 112.05 116.42 116.45 113.80 116.53 106.60
134.50 122.45 117.95 87.22 104.23 90.36 132.82 122.73 126.01 142.38 119.26 125.17 139.65 131.94 127.21 129.08 121.20 62.39 135.95 134.93 83.80 135.99 131.09 128.75 95.72 127.41 106.98 117.05 137.60 142.33 120.42 114.39 121.69 119.57 115.26 109.43 102.57 126.62 119.86 116.66 115.04 82.04 94.04 94.03 92.28 77.90 81.97 93.07 86.90 100.42 102.44 104.07 116.38 106.57 107.60 109.76 108.49 101.87 103.65 112.43 106.78 107.94 108.69 110.90 110.84 90.80 108.96 107.25 130.78 131.33 116.42 115.37
129.37 108.14 130.66 110.46 111.39 55.50 124.99 133.66 143.91 144.52 140.36 105.26 139.95 136.67 145.13 124.68 125.86 87.62 132.99 138.70 102.85 138.46 134.15 134.35 104.84 95.88 126.53 130.97 118.55 68.88 128.25 129.59 120.85 118.27 115.53 113.20 130.52 128.92 121.14 117.00 89.96 87.33 91.69 91.95 82.95 76.08 95.83 86.49 88.06 104.80 103.96 104.45 113.83 108.63 113.85 110.79 105.68 107.77 98.07 110.13 110.86 108.85 108.18 110.58 110.37 98.97 101.58 109.08 99.11 105.20 131.53 120.99
107.32 140.75 129.88 133.21 128.48 60.06 51.19 135.40 138.02 126.39 142.00 126.00 123.70 107.99 135.52 121.94 133.54 95.30 133.61 125.14 111.50 131.66 137.65 122.93 131.87 120.12 135.03 139.85 130.35 141.10 143.87 134.97 130.64 117.83 98.05 120.30 115.35 113.71 113.11 102.14 81.70 87.80 91.20 92.99 79.20 91.07 86.41 87.78 97.48 105.21 103.85 105.36 120.63 115.38 121.98 110.41 107.11 106.49 100.38 113.62 117.57 110.80 106.64 111.28 104.13 122.65 115.36 92.51 113.03 110.61 126.78 113.18
111.08 144.85 142.07 128.40 130.10 131.01 56.37 113.98 74.20 126.21 131.74 131.05 129.82 131.30 117.77 132.44 131.62 105.86 104.38 132.58 126.54 120.26 141.28 140.86 129.96 129.36 139.55 133.85 138.66 137.56 142.94 131.76 129.38 105.21 123.33 106.58 110.19 111.27 95.38 67.58 114.77 96.61 89.43 78.91 87.33 90.92 87.70 91.65 102.58 106.70 97.19 110.96 127.07 120.86 124.98 125.41 104.45 110.67 103.47 118.65 118.58 120.40 110.16 111.71 110.60 124.32 126.78 122.46 85.85 106.69 114.46 127.16
111.10 114.25 141.44 129.38 139.26 144.15 117.12 90.84 76.15 134.29 144.93 136.90 138.36 138.92 133.21 126.54 107.29 118.99 137.46 112.51 139.26 129.36 123.47 135.41 137.35 141.30 139.60 64.40 104.69 130.10 135.76 129.00 124.68 119.48 115.99 107.35 100.58 85.61 75.09 102.22 104.68 120.57 104.37 120.04 81.24 104.67 89.90 101.99 108.22 93.34 102.31 108.69 130.90 126.87 122.38 118.02 100.22 119.19 105.62 126.78 125.33 126.49 113.49 107.89 114.68 131.80 129.27 120.68 96.00 109.46 116.61 107.16
136.23 125.89 142.40 136.75 137.63 133.67 144.02 105.36 50.54 125.06 136.76 141.11 139.69 131.21 135.59 121.71 135.42 119.93 140.81 130.67 139.69 138.57 136.56 124.67 119.22 67.38 94.12 144.54 138.32 110.46 122.58 109.45 125.49 86.61 88.93 86.92 83.42 80.47 103.48 110.28 113.49 114.95 128.30 116.90 78.78 51.32 115.31 111.05 104.58 108.08 117.13 102.07 134.30 122.78 134.57 113.86 104.46 137.36 106.90 121.69 133.06 136.13 117.57 107.72 110.83 136.20 130.63 107.34 97.64 131.81 125.55 129.56
70.73 139.78 135.33 128.60 136.62 132.47 126.33 51.72 120.66 115.90 128.16 133.46 115.34 109.48 135.50 135.94 139.29 124.35 126.14 138.34 140.33 118.63 133.99 129.80 120.74 136.62 139.72 139.64 133.81 114.01 108.59 96.36 80.74 86.23 87.68 80.42 111.76 105.96 109.12 100.00 125.55 124.98 112.22 77.78 87.76 103.41 120.91 112.03 116.95 117.92 123.03 95.73 108.88 130.16 138.62 110.07 98.62 113.23 115.34 117.41 135.35 136.66 114.37 122.40 122.36 135.49 123.24 60.40 101.07 93.15 126.61 136.23
126.70 128.37 72.42 120.17 104.27 98.41 97.31 58.36 145.05 141.53 101.39 107.62 125.61 141.50 128.63 132.44 136.06 107.79 120.17 134.39 141.31 124.29 128.85 141.90 138.73 141.59 145.19 126.14 118.64 49.89 84.72 86.64 80.70 128.03 116.00 122.31 111.76 110.61 104.84 102.91 119.60 115.61 83.13 85.94 90.24 106.40 116.11 118.86 123.73 123.38 121.29 119.23 109.84 134.73 135.58 107.46 109.99 103.08 131.44 120.41 138.64 128.34 103.19 122.45 135.65 122.77 107.73 99.00 115.05 122.59 124.47 126.38
138.42 131.41 141.67 137.56 103.66 140.28 134.64 107.63 101.49 128.14 134.84 119.01 119.12 126.11 103.01 129.80 141.12 139.81 122.79 128.53 139.93 133.07 125.17 140.80 140.52 134.55 133.77 80.10 75.02 106.11 111.03 124.86 124.36 119.48 123.34 116.95 114.33 110.82 112.48 116.47 124.47 80.22 89.13 105.59 105.60 106.06 126.78 117.24 123.44 124.84 134.26 108.12 126.89 137.75 123.27 119.31 121.10 65.42 120.24 125.95 125.23 108.77 122.08 134.90 133.98 109.99 92.34 118.82 107.83 131.06 137.54 130.16
-9999.00 127.26 105.54 120.25 113.89 140.99 138.92 143.19 95.08 135.01 139.45 142.48 67.83 60.24 133.24 93.96 60.72 54.83 114.71 129.19 65.06 61.83 60.55 59.95 59.62 56.44 93.35 128.22 129.49 125.21 139.53 133.71 140.88 129.09 133.10 127.34 119.99 113.28 117.40 125.60 122.64 89.27 116.58 109.00 120.05 138.63 135.67 127.78 132.06 126.95 136.30 61.39 135.82 141.58 139.32 140.36 139.73 109.36 146.46 133.97 136.69 129.35 134.03 125.94 107.32 122.82 125.36 125.45 116.22 97.57 119.26 124.99
-9999.00 -9999.00 -9999.00 140.20 131.55 123.93 139.01 136.71 110.67 131.49 142.64 132.73 108.72 145.76 136.83 128.76 132.28 133.10 95.85 96.75 59.49 60.28 60.19 59.74 59.22 51.34 130.71 121.80 145.70 121.34 134.48 136.08 129.24 127.91 123.57 126.09 116.75 127.19 112.97 131.41 127.75 85.32 82.31 100.29 109.71 131.23 138.31 131.67 124.37 132.63 138.52 89.25 140.76 124.90 135.76 141.68 128.66 111.66 142.16 141.17 126.56 142.21 129.97 109.43 125.00 118.54 122.94 119.00 105.18 124.08 107.27 112.65
-9999.00 -9999.00 -9999.00 -9999.00 -9999.00 -9999.00 135.83 119.46 121.84 138.46 143.63 116.71 130.72 139.24 106.99 118.27 129.84 144.53 138.94 103.19 131.20 123.13 122.79 127.24 122.66 120.00 142.03 108.77 140.02 128.43 139.23 -9999.00 137.54 131.25 135.24 130.51 138.18 126.96 114.74 137.83 126.13 89.01 108.90 106.09 99.86 105.93 139.44 125.70 132.40 141.61 138.07 113.14 106.11 135.84 140.83 141.95 85.08 139.73 141.97 133.33 135.13 132.21 101.94 126.60 125.15 119.38 117.53 111.59 125.98 115.20 107.96 100.51
-9999.00 -9999.00 -9999.00 -9999.00 -9999.00 -9999.00 -9999.00 124.39 133.91 123.82 -9999.00 -9999.00 -9999.00 126.07 138.02 109.37 121.01 136.75 136.77 94.24 136.24 130.66 135.69 130.38 130.80 125.87 143.41 119.82 137.17 113.26 -9999.00 -9999.00 128.16 135.07 138.91 139.45 138.68 120.54 140.08 130.56 99.68 52.37 122.39 133.98 108.11 110.07 85.04 126.30 136.71 139.58 125.11 144.59 112.67 138.08 142.81 125.63 111.71 110.92 143.01 128.25 119.71 121.04 127.06 137.04 121.56 110.53 94.47 115.64 118.25 116.61 99.22 70.09
-9999.00 -9999.00 -9999.00 -9999.00 -9999.00 -9999.00 -9999.00 -9999.00 -9999.00 -9999.00 -9999.00 -9999.00 -9999.00 -9999.00 129.28 108.47 90.94 124.42 97.20 113.00 123.86 131.41 137.98 137.05 138.52 130.50 141.28 130.24 -9999.00 -9999.00 -9999.00 -9999.00 118.92 122.31 123.46 136.47 129.32 129.44 139.07 107.62 120.11 90.93 126.48 139.58 128.58 140.71 106.09 113.51 138.72 144.43 124.56 141.42 101.79 135.17 141.66 113.07 120.71 126.58 141.13 136.73 139.19 136.18 141.62 134.59 121.23 96.53 120.18 100.74 96.77 87.56 55.90 95.93
-9999.00 -9999.00 -9999.00 -9999.00 -9999.00 -9999.00 -9999.00 -9999.00 -9999.00 -9999.00 -9999.00 -9999.00 -9999.00 -9999.00 -9999.00 -9999.00 110.98 83.49 -9999.00 -9999.00 -9999.00 131.59 119.50 -9999.00 -9999.00 -9999.00 -9999.00 -9999.00 -9999.00 -9999.00 -9999.00 -9999.00 108.19 121.59 112.90 130.49 139.50 142.92 131.72 136.03 68.26 125.64 126.13 141.64 135.14 142.61 137.47 57.10 129.77 142.52 135.50 140.74 107.96 134.27 138.12 140.89 130.17 141.92 137.22 139.84 140.65 143.96 138.19 132.12 107.64 124.53 110.58 105.77 95.59 98.41 75.11 97.28
-9999.00 -9999.00 -9999.00 -9999.00 -9999.00 -9999.00 -9999.00 -9999.00 -9999.00 -9999.00 -9999.00 -9999.00 -9999.00 -9999.00 -9999.00 -9999.00 -9999.00 -9999.00 -9999.00 -9999.00 -9999.00 -9999.00 -9999.00 -9999.00 -9999.00 -9999.00 -9999.00 -9999.00 -9999.00 -9999.00 -9999.00 -9999.00 -9999.00 115.08 102.14 98.20 93.89 123.99 134.63 107.21 95.00 124.41 134.66 118.58 133.67 142.13 126.97 93.68 136.19 114.68 122.69 139.42 124.83 137.83 134.82 139.32 142.48 142.05 59.51 58.89 78.35 131.99 127.11 122.55 103.18 95.10 103.80 105.97 87.41 72.93 86.44 111.58
-9999.00 -9999.00 -9999.00 -9999.00 -9999.00 -9999.00 -9999.00 -9999.00 -9999.00 -9999.00 -9999.00 -9999.00 -9999.00 -9999.00 -9999.00 -9999.00 -9999.00 -9999.00 -9999.00 -9999.00 -9999.00 -9999.00 -9999.00 -9999.00 -9999.00 -9999.00 -9999.00 -9999.00 -9999.00 -9999.00 -9999.00 -9999.00 -9999.00 111.94 130.52 131.37 64.46 107.35 107.67 49.75 128.04 136.10 113.29 126.74 142.51 129.00 127.48 115.57 107.00 129.03 141.81 138.39 139.72 141.33 134.86 130.05 135.12 90.19 136.31 135.41 140.17 110.23 60.92 101.28 93.88 96.24 112.38 104.52 78.39 90.78 85.36 120.04
-9999.00 -9999.00 -9999.00 -9999.00 -9999.00 -9999.00 -9999.00 -9999.00 -9999.00 -9999.00 -9999.00 -9999.00 -9999.00 -9999.00 -9999.00 -9999.00 -9999.00 -9999.00 -9999.00 -9999.00 -9999.00 -9999.00 -9999.00 -9999.00 -9999.00 -9999.00 -9999.00 -9999.00 -9999.00 -9999.00 -9999.00 -9999.00 -9999.00 -9999.00 -9999.00 126.32 132.52 132.15 110.48 57.26 106.87 134.89 134.36 129.68 139.09 139.03 126.51 134.02 131.49 120.74 142.03 116.10 128.71 130.70 102.67 97.67 57.75 72.02 148.24 138.92 121.99 128.53 117.98 101.59 133.10 114.75 101.59 76.63 101.42 81.60 106.78 113.96
-9999.00 -9999.00 -9999.00 -9999.00 -9999.00 -9999.00 -9999.00 -9999.00 -9999.00 -9999.00 -9999.00 -9999.00 -9999.00 -9999.00 -9999.00 -9999.00 -9999.00 -9999.00 -9999.00 -9999.00 -9999.00 -9999.00 -9999.00 -9999.00 -9999.00 -9999.00 -9999.00 -9999.00 -9999.00 -9999.00 -9999.00 -9999.00 -9999.00 -9999.00 -9999.00 113.60 100.01 90.73 126.88 116.06 101.51 104.52 127.57 139.66 133.51 143.43 142.25 138.74 -9999.00 -9999.00 -9999.00 142.16 114.98 101.07 124.48 139.16 137.50 140.45 118.93 109.37 132.93 123.36 129.26 133.38 111.39 98.38 72.65 88.79 47.62 84.86 107.12 134.92
-9999.00 -9999.00 -9999.00 -9999.00 -9999.00 -9999.00 -9999.00 -9999.00 -9999.00 -9999.00 -9999.00 -9999.00 -9999.00 -9999.00 -9999.00 -9999.00 -9999.00 -9999.00 -9999.00 -9999.00 -9999.00 -9999.00 -9999.00 -9999.00 -9999.00 -9999.00 -9999.00 -9999.00 -9999.00 -9999.00 -9999.00 -9999.00 -9999.00 -9999.00 -9999.00 123.42 60.95 127.51 146.07 145.39 140.27 125.77 103.15 109.80 112.52 112.02 118.12 -9999.00 -9999.00 -9999.00 -9999.00 129.75 135.02 -9999.00 -9999.00 141.19 133.57 120.92 143.20 138.48 144.03 138.23 121.29 94.51 71.66 106.38 92.37 94.20 109.99 123.31 118.79 116.19
-9999.00 -9999.00 -9999.00 -9999.00 -9999.00 -9999.00 -9999.00 -9999.00 -9999.00 -9999.00 -9999.00 -9999.00 -9999.00 -9999.00 -9999.00 -9999.00 -9999.00 -9999.00 -9999.00 -9999.00 -9999.00 -9999.00 -9999.00 -9999.00 -9999.00 -9999.00 -9999.00 -9999.00 -9999.00 -9999.00 -9999.00 -9999.00 -9999.00 -9999.00 -9999.00 142.17 116.58 137.09 127.78 138.01 114.58 133.70 118.09 109.42 136.11 136.73 -9999.00 -9999.00 -9999.00 -9999.00 -9999.00 -9999.00 -9999.00 -9999.00 -9999.00 132.54 125.12 133.96 121.35 136.46 133.15 131.86 109.79 101.19 122.98 105.09 85.44 106.85 110.39 131.09 116.67 123.18
-9999.00 -9999.00 -9999.00 -9999.00 -9999.00 -9999.00 -9999.00 -9999.00 -9999.00 -9999.00 -9999.00 -9999.00 -9999.00 -9999.00 -9999.00 -9999.00 -9999.00 -9999.00 -9999.00 -9999.00 -9999.00 -9999.00 -9999.00 -9999.00 -9999.00 -9999.00 -9999.00 -9999.00 -9999.00 -9999.00 -9999.00 -9999.00 -9999.00 -9999.00 -9999.00 -9999.00 119.13 109.32 123.13 129.29 125.40 -9999.00 140.07 133.65 136.83 -9999.00 -9999.00 -9999.00 -9999.00 -9999.00 -9999.00 -9999.00 -9999.00 -9999.00 -9999.00 -9999.00 -9999.00 119.74 136.21 124.21 129.78 128.09 89.56 122.98 86.31 81.07 116.39 104.71 123.76 104.79 119.05 116.38
-9999.00 -9999.00 -9999.00 -9999.00 -9999.00 -9999.00 -9999.00 -9999.00 -9999.00 -9999.00 -9999.00 -9999.00 -9999.00 -9999.00 -9999.00 -9999.00 -9999.00 -9999.00 -9999.00 -9999.00 -9999.00 -9999.00 -9999.00 -9999.00 -9999.00 -9999.00 -9999.00 -9999.00 -9999.00 -9999.00 -9999.00 -9999.00 -9999.00 -9999.00 -9999.00 -9999.00 136.01 122.76 135.60 -9999.00 -9999.00 -9999.00 -9999.00 -9999.00 -9999.00 -9999.00 -9999.00 -9999.00 -9999.00 -9999.00 -9999.00 -9999.00 -9999.00 -9999.00 -9999.00 -9999.00 -9999.00 -9999.00 127.32 125.13 121.97 115.58 119.86 91.41 91.10 99.76 106.76 123.63 99.74 100.14 108.31 109.75
-9999.00 -9999.00 -9999.00 -9999.00 -9999.00 -9999.00 -9999.00 -9999.00 -9999.00 -9999.00 -9999.00 -9999.00 -9999.00 -9999.00 -9999.00 -9999.00 -9999.00 -9999.00 -9999.00 -9999.00 -9999.00 -9999.00 -9999.00 -9999.00 -9999.00 -9999.00 -9999.00 -9999.00 -9999.00 -9999.00 -9999.00 -9999.00 -9999.00 -9999.00 -9999.00 -9999.00 -9999.00 -9999.00 -9999.00 -9999.00 -9999.00 -9999.00 -9999.00 -9999.00 -9999.00 -9999.00 -9999.00 -9999.00 -9999.00 -9999.00 -9999.00 -9999.00 -9999.00 -9999.00 -9999.00 -9999.00 -9999.00 -9999.00 122.46 115.48 107.64 100.94 107.07 89.63 103.46 108.79 105.91 85.63 119.03 108.92 110.99 110.68
-9999.00 -9999.00 -9999.00 -9999.00 -9999.00 -9999.00 -9999.00 -9999.00 -9999.00 -9999.00 -9999.00 -9999.00 -9999.00 -9999.00 -9999.00 -9999.00 -9999.00 -9999.00 -9999.00 -9999.00 -9999.00 -9999.00 -9999.00 -9999.00 -9999.00 -9999.00 -9999.00 -9999.00 -9999.00 -9999.00 -9999.00 -9999.00 -9999.00 -9999.00 -9999.00 -9999.00 -9999.00 -9999.00 -9999.00 -9999.00 -9999.00 -9999.00 -9999.00 -9999.00 -9999.00 -9999.00 -9999.00 -9999.00 -9999.00 -9999.00 -9999.00 -9999.00 -9999.00 -9999.00 -9999.00 -9999.00 -9999.00 -9999.00 -9999.00 -9999.00 90.64 113.90 81.03 113.68 108.20 118.43 107.10 94.80 127.62 126.90 112.88 128.49
-9999.00 -9999.00 -9999.00 -9999.00 -9999.00 -9999.00 -9999.00 -9999.00 -9999.00 -9999.00 -9999.00 -9999.00 -9999.00 -9999.00 -9999.00 -9999.00 -9999.00 -9999.00 -9999.00 -9999.00 -9999.00 -9999.00 -9999.00 -9999.00 -9999.00 -9999.00 -9999.00 -9999.00 -9999.00 -9999.00 -9999.00 -9999.00 -9999.00 -9999.00 -9999.00 -9999.00 -9999.00 -9999.00 -9999.00 -9999.00 -9999.00 -9999.00 -9999.00 -9999.00 -9999.00 -9999.00 -9999.00 -9999.00 -9999.00 -9999.00 -9999.00 -9999.00 -9999.00 -9999.00 -9999.00 -9999.00 -9999.00 -9999.00 -9999.00 -9999.00 -9999.00 119.27 114.00 120.79 114.07 110.23 129.73 96.34 124.17 124.93 125.63 113.69
-9999.00 -9999.00 -9999.00 -9999.00 -9999.00 -9999.00 -9999.00 -9999.00 -9999.00 -9999.00 -9999.00 -9999.00 -9999.00 -9999.00 -9999.00 -9999.00 -9999.00 -9999.00 -9999.00 -9999.00 -9999.00 -9999.00 -9999.00 -9999.00 -9999.00 -9999.00 -9999.00 -9999.00 -9999.00 -9999.00 -9999.00 -9999.00 -9999.00 -9999.00 -9999.00 -9999.00 -9999.00 -9999.00 -9999.00 -9999.00 -9999.00 -9999.00 -9999.00 -9999.00 -9999.00 -9999.00 -9999.00 -9999.00 -9999.00 -9999.00 -9999.00 -9999.00 -9999.00 -9999.00 -9999.00 -9999.00 -9999.00 -9999.00 -9999.00 -9999.00 -9999.00 -9999.00 121.65 120.32 110.31 110.92 135.23 101.99 101.64 136.00 130.02 132.81
-9999.00 -9999.00 -9999.00 -9999.00 -9999.00 -9999.00 -9999.00 -9999.00 -9999.00 -9999.00 -9999.00 -9999.00 -9999.00 -9999.00 -9999.00 -9999.00 -9999.00 -9999.00 -9999.00 -9999.00 -9999.00 -9999.00 -9999.00 -9999.00 -9999.00 -9999.00 -9999.00 -9999.00 -9999.00 -9999.00 -9999.00 -9999.00 -9999.00 -9999.00 -9999.00 -9999.00 -9999.00 -9999.00 -9999.00 -9999.00 -9999.00 -9999.00 -9999.00 -9999.00 -9999.00 -9999.00 -9999.00 -9999.00 -9999.00 -9999.00 -9999.00 -9999.00 -9999.00 -9999.00 -9999.00 -9999.00 -9999.00 -9999.00 -9999.00 -9999.00 -9999.00 -9999.00 126.25 132.94 124.08 100.86 135.17 115.95 102.75 91.36 130.80 127.47
-9999.00 -9999.00 -9999.00 -9999.00 -9999.00 -9999.00 -9999.00 -9999.00 -9999.00 -9999.00 -9999.00 -9999.00 -9999.00 -9999.00 -9999.00 -9999.00 -9999.00 -9999.00 -9999.00 -9999.00 -9999.00 -9999.00 -9999.00 -9999.00 -9999.00 -9999.00 -9999.00 -9999.00 -9999.00 -9999.00 -9999.00 -9999.00 -9999.00 -9999.00 -9999.00 -9999.00 -9999.00 -9999.00 -9999.00 -9999.00 -9999.00 -9999.00 -9999.00 -9999.00 -9999.00 -9999.00 -9999.00 -9999.00 -9999.00 -9999.00 -9999.00 -9999.00 -9999.00 -9999.00 -9999.00 -9999.00 -9999.00 -9999.00 -9999.00 -9999.00 -9999.00 -9999.00 -9999.00 130.06 136.86 102.84 121.73 113.68 121.35 104.85 126.51 130.12
-9999.00 -9999.00 -9999.00 -9999.00 -9999.00 -9999.00 -9999.00 -9999.00 -9999.00 -9999.00 -9999.00 -9999.00 -9999.00 -9999.00 -9999.00 -9999.00 -9999.00 -9999.00 -9999.00 -9999.00 -9999.00 -9999.00 -9999.00 -9999.00 -9999.00 -9999.00 -9999.00 -9999.00 -9999.00 -9999.00 -9999.00 -9999.00 -9999.00 -9999.00 -9999.00 -9999.00 -9999.00 -9999.00 -9999.00 -9999.00 -9999.00 -9999.00 -9999.00 -9999.00 -9999.00 -9999.00 -9999.00 -9999.00 -9999.00 -9999.00 -9999.00 -9999.00 -9999.00 -9999.00 -9999.00 -9999.00 -9999.00 -9999.00 -9999.00 -9999.00 -9999.00 -9999.00 -9999.00 -9999.00 -9999.00 122.84 115.27 106.64 134.62 109.50 124.87 129.12
