Data/Param_I.asc
ncols         679
nrows         333
xllcorner     90.5472
yllcorner     32.43537
cellsize      0.01
NODATA_value  -9999
[rows 90 to 119 of 333, columns 67 to 133 of 679]
39.208 39.3881 40.1995 41.4621 41.4937 41.8662 41.4277 40.3313 39.0795 37.6932 36.5923 35.7708 35.0609 34.6155 34.2034 34.0224 33.7379 33.2622 32.7476 32.4107 32.024 31.7679 31.5976 31.5441 31.4705 31.4584 31.45 31.4746 31.6116 31.7821 31.7394 31.3458 30.8454 30.5547 30.6465 30.813 30.5174 30.3825 30.797 31.0313 30.6024 30.2958 29.7534 29.3013 28.9175 28.7035 28.4928 28.3644 28.3017 28.4705 28.5557 28.3617 28.3912 28.1836 28.1104 28.2487 28.4105 28.5503 28.6526 28.7265 28.9705 28.9724 28.8376 28.9266 28.9137 29.0645 29.2853
40.4437 40.3601 40.3175 40.9568 41.2301 39.9006 39.6876 39.2453 37.9201 37.1621 36.4983 35.6371 34.8983 34.2961 33.636 33.1573 32.8256 32.5784 32.3415 31.9887 31.7204 31.5175 31.4886 31.372 31.1868 31.0153 30.9381 30.8338 30.7953 30.7596 30.6859 30.7212 30.7771 30.5901 30.3439 30.4602 30.3514 30.1834 30.1468 30.4966 31.0233 30.7923 30.3055 30.0223 29.9157 29.7031 29.3814 28.9283 28.6756 28.6245 28.5759 28.5046 28.5006 28.5847 28.3395 28.5539 29.0045 28.8549 28.3751 28.5439 28.9334 29.0809 29.0004 29.0402 29.1768 29.3374 29.2844
42.2098 41.8754 41.1171 40.9517 40.2142 38.536 37.5903 37.2961 36.5436 35.7429 35.0309 34.5555 34.1916 33.7577 33.2016 32.7903 32.7777 32.9261 32.9506 32.2045 31.8693 31.7866 31.6074 31.338 31.0763 30.9347 30.8099 30.6758 30.5248 30.3761 30.2626 30.2732 30.2761 30.3214 30.2633 30.2492 30.2341 30.154 30.0287 30.1066 30.4304 30.3826 30.1453 29.7817 29.7433 30.0243 30.1587 29.8665 29.5284 29.6037 29.5143 29.2684 29.0547 28.8619 28.4995 28.5014 28.656 28.7137 28.4563 28.6925 28.6348 28.9859 29.4224 29.5298 29.7995 29.6695 29.278
42.0882 41.0962 40.7065 40.0192 38.6651 37.4231 36.5127 35.9279 35.8784 35.8088 35.0793 34.4602 33.8116 33.3303 32.8339 32.4363 32.3956 32.554 32.5952 32.1243 32.2449 32.5237 32.7007 32.3737 31.7225 31.4604 31.0909 30.8352 30.5817 30.3514 30.164 30.1382 30.102 30.19 30.2795 30.3602 30.3277 30.268 30.269 30.1788 30.0575 29.8615 29.7895 29.6549 29.5372 29.4481 29.4553 29.5643 29.7771 29.9451 30.0871 30.3067 29.8636 29.4523 29.1505 28.989 28.7657 28.5211 28.4521 28.6241 28.7547 29.1238 29.5063 29.6198 29.9568 29.8231 29.3918
41.6058 40.0293 39.3794 39.0725 38.1649 37.1795 36.3031 35.5779 35.8845 35.8511 35.2408 34.755 33.7618 33.0123 32.4012 31.9478 31.698 31.4868 31.2965 31.282 31.453 31.6735 32.2255 32.3762 32.3009 32.5599 32.3727 31.9521 31.2759 30.5784 30.1733 30.0561 30.0497 30.159 30.2844 30.4466 30.3966 30.2309 30.2618 30.1695 30.0334 29.8837 29.8124 29.7489 29.5412 29.37 29.2704 29.1621 29.3258 29.7253 30.0741 30.4989 30.9143 31.1464 31.1561 30.8035 30.2621 29.7189 29.2404 28.9327 28.773 28.756 28.8699 29.0836 29.5538 29.6101 29.3593
42.2489 40.6699 39.7908 39.1211 38.4268 37.3557 36.363 35.5714 35.1669 34.6238 34.2833 33.8313 32.9996 32.3428 31.8169 31.56 31.2498 31.0519 30.9321 30.7703 30.7223 30.7856 30.9699 31.0546 31.2207 31.5099 31.649 31.7991 31.895 31.4369 30.5776 30.0873 30.0056 30.0488 30.1128 30.2824 30.219 30.0893 30.0486 29.8898 29.7357 29.6183 29.5651 29.546 29.4293 29.2148 29.135 29.0654 29.0358 29.2462 29.5009 29.8842 30.2427 30.6277 31.1573 31.1015 31.2624 31.408 31.0183 30.1902 29.7223 29.5274 29.4876 29.279 29.4079 29.4769 29.583
41.1745 40.8983 41.1044 40.3098 38.8791 38.105 36.8791 35.8186 35.0025 34.2926 33.6589 33.0682 32.4623 32.066 31.8675 31.6631 31.3005 31.0213 30.8157 30.7092 30.556 30.4861 30.4733 30.4633 30.4949 30.5391 30.6219 30.6436 30.5202 30.4295 30.2221 29.9122 29.8919 29.9404 30.0052 30.085 29.9922 29.9506 30.0313 29.986 29.7507 29.5839 29.4055 29.3477 29.2427 29.0017 28.9318 28.9021 28.8813 28.8836 28.9571 29.0897 29.2874 29.4059 29.4159 29.4208 29.516 29.7211 30.3636 30.9208 31.2117 31.1457 31.2957 30.5613 29.6056 29.3418 29.3142
40.8626 40.9993 41.5399 41.3771 39.795 38.5932 37.732 36.6678 35.6839 34.7773 34.0171 33.5364 32.9808 32.5364 32.4276 31.9425 31.3609 31.0382 30.8351 30.7454 30.6062 30.4858 30.3673 30.2847 30.2451 30.1904 30.1574 30.1144 29.9743 29.8017 29.7149 29.6356 29.7044 29.7579 29.9291 30.017 29.9638 29.9236 30.0237 30.1112 29.9773 29.7666 29.6111 29.5713 29.4149 29.0771 28.9351 28.8343 28.7466 28.7952 28.977 29.0961 29.2312 29.1409 29.0741 29.0187 28.9508 28.8992 28.9821 29.1228 29.3852 29.7938 30.1622 30.0768 29.2732 28.7716 28.6993
40.9847 41.0836 40.9002 40.5044 39.9913 39.0863 38.0994 36.9974 35.8821 34.8332 33.9047 33.3282 32.9843 32.5891 32.4989 32.1649 31.7249 31.3589 31.1027 30.935 30.7663 30.6679 30.5657 30.4492 30.3826 30.2056 30.0241 29.948 29.8346 29.6923 29.6161 29.582 29.6772 29.7392 29.8354 29.8807 29.7807 29.8304 29.9378 30.0735 30.2336 30.033 29.8529 29.7569 29.6405 29.3899 29.0777 28.8276 28.7737 28.9045 29.0046 29.1006 29.155 29.1394 29.0966 29.0798 29.0928 29.0027 28.8906 28.8438 28.7864 28.8162 28.8264 28.809 28.7237 28.7786 28.7607
41.004 41.1962 40.6756 39.9721 39.4872 38.62 37.8425 36.9771 36.0898 34.889 33.7025 32.8837 32.3976 32.0564 31.8593 31.7659 31.6771 31.4872 31.2671 31.0839 30.9309 30.8657 30.7057 30.5239 30.4819 30.3421 30.0722 29.8843 29.7147 29.6329 29.6059 29.6148 29.7491 29.6805 29.6481 29.7723 29.6771 29.5845 29.5988 29.7436 29.8517 29.795 29.8015 29.8226 30.0415 29.9783 29.7132 29.0475 28.7868 29.0632 29.3281 29.47 29.5889 29.5611 29.2979 29.1711 29.2509 29.2276 29.1369 29.1361 29.3403 29.6329 29.6127 29.3274 28.9912 28.8129 28.7016
43.8119 42.6971 41.3766 40.1336 39.3465 38.3743 37.8784 38.7339 38.6642 35.4279 33.7968 32.82 32.0922 31.7396 31.4675 31.2581 31.0764 30.9384 30.8867 30.8304 30.8346 30.7466 30.6248 30.449 30.3058 30.2113 30.0731 29.9407 29.7362 29.6631 29.5754 29.5464 29.4933 29.4538 29.4706 29.5738 29.5411 29.4211 29.3493 29.3466 29.336 29.3269 29.3646 29.2287 29.2332 29.1715 29.0536 28.8055 28.6691 28.68 28.8596 29.2195 29.6702 29.734 29.6415 29.6857 29.7464 29.5327 29.2157 29.1644 29.4985 30.0441 29.902 29.3917 29.2299 29.1883 29.0116
48.0034 47.6088 45.7115 42.5688 40.656 38.5721 37.2898 37.0805 37.6184 35.6536 34.4241 33.243 32.9965 32.3042 31.4384 31.2018 30.943 30.8173 30.6949 30.5878 30.5453 30.509 30.4093 30.2755 30.179 30.0578 29.9895 29.8852 29.803 29.9771 29.9356 29.5226 29.3747 29.4448 29.6369 29.6104 29.5618 29.5154 29.4689 29.2844 29.1654 29.0016 29.1733 29.2507 29.1851 29.0307 28.9625 29.1373 29.1597 28.7985 28.8932 28.8925 28.9593 28.9271 28.7194 28.7556 28.9415 28.9939 29.0136 28.9201 29.0737 29.0217 28.8255 28.6573 28.4213 28.4266 28.4152
42.7018 44.2234 45.5492 44.9574 44.3655 41.048 38.3873 36.9409 35.7803 34.5406 33.6253 32.9486 33.9887 33.2266 31.5591 31.2025 30.8439 30.7005 30.5834 30.5583 30.4243 30.3506 30.3142 30.2786 30.2053 30.0082 29.9933 29.8924 29.7492 29.7025 29.6178 29.4143 29.3835 29.6955 29.9687 29.7771 29.541 29.3835 29.2957 29.2694 29.138 28.96 28.926 28.8948 28.8106 28.7332 28.6738 28.7609 28.588 28.6385 28.9555 29.2841 29.4258 29.1871 28.7933 28.5604 28.2461 28.0949 27.9757 28.227 28.8492 28.9495 28.9229 29.0766 28.5586 28.2205 28.3336
38.8574 39.4417 39.7056 40.9942 42.9878 42.1055 40.1811 39.1515 37.5729 35.3081 34.1016 33.0744 32.3361 31.8506 31.4451 31.1334 30.8592 30.6651 30.5852 30.5585 30.5692 30.5236 30.3001 30.2001 30.1064 29.9906 29.8896 29.7947 29.7026 29.5406 29.5033 29.3771 29.2812 29.4168 29.4256 29.236 29.0154 28.9137 28.9996 29.198 29.1592 29.151 29.1202 28.9192 28.9299 29.033 28.836 28.518 28.6954 28.8468 29.0675 29.3589 29.5832 29.4584 29.0556 28.792 28.5553 28.3205 28.1189 27.969 28.0153 28.0808 28.4522 29.0588 28.6935 28.3863 28.6959
37.3649 37.3626 37.3034 37.5067 37.9045 38.0095 38.3167 38.6671 38.4625 36.8781 35.8485 34.0327 32.7822 32.1238 31.7688 31.5007 31.2867 30.9537 30.8561 30.5684 30.5087 30.5338 30.3257 30.1853 30.0614 29.9684 29.8417 29.7782 29.622 29.5288 29.418 29.3391 29.2424 29.1371 29.1852 29.1249 28.9482 28.7387 28.6868 28.7156 28.7728 28.9428 29.0983 28.9257 28.7285 28.7705 28.6262 28.6819 29.1975 29.4642 29.3293 29.4188 29.3123 29.0245 28.8635 28.8412 29.01 28.754 28.3506 27.985 27.6655 27.5704 27.8569 28.1514 28.1005 28.1261 28.6205
36.578 36.34 36.1388 35.9009 35.6914 35.4978 35.5499 35.5833 35.6991 35.2661 34.9746 34.2534 34.001 33.2174 32.4907 31.9396 31.3292 30.9074 30.734 30.5651 30.3422 30.3307 30.3186 30.1983 30.1248 29.9054 29.7682 29.6935 29.5638 29.5298 29.4075 29.3068 29.292 29.2784 29.2508 29.3225 29.2573 28.9695 28.7409 28.6341 28.5247 28.4447 28.5534 28.8886 28.9771 28.7124 28.2612 28.2775 28.6134 28.7357 28.6066 28.8853 29.0083 28.6949 28.4479 28.4432 28.6255 28.65 28.4055 28.0642 27.7342 27.523 27.3434 27.3059 27.3109 27.5194 27.6871
36.8976 36.1988 35.7057 35.429 35.0367 34.6998 34.4556 34.2297 33.8269 33.4461 33.2149 33.1209 32.8878 32.7716 32.6944 32.2324 31.6943 31.2178 30.8329 30.5646 30.4568 30.2515 30.1055 30.0604 30.2426 30.1793 29.7656 29.5859 29.6533 29.8387 29.5812 29.3257 29.2267 29.2463 29.4195 29.5312 29.7877 29.7577 29.4627 29.2578 28.9977 28.6798 28.3204 28.3976 28.9182 29.1487 28.5558 28.3469 28.1412 27.9674 27.9022 28.1146 28.8343 29.0365 28.6764 28.2954 28.1171 28.1467 28.1834 28.0615 27.7698 27.4889 27.2735 27.2244 27.2193 27.2363 27.204
37.7347 36.7589 35.9952 35.8524 35.157 34.7414 34.3487 34.2287 33.7521 33.0552 32.6336 32.2671 31.9299 31.7042 31.709 31.7122 31.4684 31.1 30.8572 30.6189 30.4102 30.2816 30.0904 29.9669 30.3211 30.7362 29.934 29.7322 29.9455 30.1104 29.77 29.4247 29.2685 29.0766 29.0376 29.1016 29.4317 29.9887 30.1701 30.3128 29.9423 29.1795 28.6298 28.2129 28.3139 28.5432 28.6586 28.5033 28.2817 28.0977 27.9284 27.8902 28.1222 28.3081 28.4828 28.4003 28.2018 28.2639 28.1369 28.0213 27.8485 27.5183 27.2956 27.3744 27.6405 27.5595 27.4799
37.0083 36.8408 36.8243 36.0359 35.2259 34.6804 34.4733 34.5992 34.1284 33.4851 33.0307 32.646 32.4224 32.1297 31.7243 31.4421 31.1589 30.9377 30.7695 30.4946 30.2461 30.0803 29.964 29.8586 29.6978 29.8084 29.7498 29.7917 30.0038 29.8944 29.5747 29.3024 29.1802 29.139 29.0298 28.9233 28.9513 28.9752 29.3057 30.0635 30.2688 29.8041 29.174 28.4107 28.1121 27.9929 28.196 28.4577 28.5122 28.3504 28.067 28.0224 27.9125 27.7649 27.786 27.8917 28.0371 28.0993 27.8706 27.7881 27.8115 27.5672 27.4678 27.6424 27.8711 27.7278 27.6498
36.4463 36.2058 37.4592 37.4119 35.7637 34.8389 35.3783 35.8211 35.3528 34.2235 33.6131 33.1612 33.1085 32.7389 32.3269 32.0031 31.6564 31.3025 31.0283 30.6707 30.3658 30.1142 29.9035 29.7471 29.5193 29.4307 29.3306 29.4017 29.5943 29.5219 29.4524 29.3127 28.9993 28.972 28.8635 28.758 28.6939 28.8944 29.3918 29.0964 29.0096 29.1401 28.9784 28.7575 28.4496 28.2949 27.9861 27.9296 27.9846 28.2292 28.4029 28.3631 28.3011 28.0128 27.6894 27.5992 27.7021 27.735 27.7065 27.8052 27.8056 27.521 27.4952 27.5046 27.5035 27.4703 27.4176
35.9308 35.255 36.3228 36.1912 36.4316 36.1264 35.964 36.052 35.7746 34.5291 33.8053 33.6217 33.7178 33.4745 33.0549 32.7812 32.31 31.9397 31.4966 31.0286 30.6864 30.3384 30.0527 29.7986 29.5448 29.3247 29.1654 29.1088 29.1381 29.0674 29.1336 29.1651 29.0227 28.8832 28.8517 28.6607 28.5674 28.7424 29.6172 28.9125 28.35 28.3637 28.4648 28.9124 29.0127 29.0499 28.6117 28.1299 27.7558 27.7197 27.8523 28.1215 28.3597 28.161 27.8766 27.6522 27.5762 27.6281 27.5989 27.6807 27.8629 27.6752 27.3645 27.2899 27.2592 27.2895 27.3292
34.3817 33.8869 34.2874 34.3572 35.4147 36.0832 35.6334 35.0295 35.7191 34.9897 34.4545 34.4537 34.9025 35.1291 34.6297 33.975 33.3676 32.6439 32.0067 31.459 31.1177 30.7567 30.4165 29.9971 29.5686 29.303 29.217 29.1453 28.973 28.8625 28.7722 28.7561 28.787 28.9883 29.0404 28.7883 28.5817 28.5771 28.6448 28.3803 28.2375 28.224 28.3741 29.2371 29.783 28.9831 29.0916 28.7064 27.8935 27.6062 27.5832 27.7679 27.9275 27.9725 27.93 27.9638 27.9039 27.7363 27.6078 27.5985 27.5834 27.5212 27.4107 27.3671 27.3128 27.282 27.3198
34.1815 33.491 33.4344 33.6795 33.9758 34.9221 35.5023 34.6373 35.5898 35.7518 35.1964 35.2065 36.3891 37.0602 36.3027 35.9716 34.9584 33.2896 32.3893 31.7438 31.4607 31.4418 31.0566 30.4761 29.8259 29.4694 29.3351 29.1808 28.976 28.8981 28.8104 28.7354 28.7004 28.7437 28.6976 28.5999 28.5047 28.457 28.4221 28.3711 28.2091 28.116 28.1302 28.511 28.9741 28.4331 28.3272 28.4208 27.9048 27.5519 27.4889 27.6264 27.6814 27.7283 27.7066 27.8287 27.8928 27.7858 27.8604 28.0071 27.9082 27.7067 27.5663 27.5454 27.3561 27.22 27.0748
33.4745 33.2472 33.4129 33.7514 33.4101 33.4284 33.4265 33.5777 34.9675 34.6899 33.84 34.4271 35.8654 35.764 35.1377 35.9967 36.4187 35.1279 33.936 32.9141 32.1974 31.7286 31.2211 30.6199 30.0618 29.6108 29.4278 29.2453 29.0967 28.9346 28.8468 28.8339 28.8193 28.7109 28.5841 28.5213 28.4404 28.3438 28.1972 28.1797 28.0332 27.9523 27.9244 28.0516 28.0606 27.9887 27.8556 27.7351 27.5731 27.4379 27.4098 27.503 27.5751 27.5659 27.6524 27.7896 27.8949 28.0196 28.1121 28.1262 27.867 27.5809 27.5261 27.4804 27.4154 27.2923 27.1034
32.3987 32.5106 32.869 33.1334 33.3222 33.3566 32.7833 32.4278 33.2979 33.9091 32.7054 32.4519 33.0237 33.4163 34.0541 35.0763 36.4725 35.2267 34.2238 34.4307 33.6148 32.1028 31.4256 30.8665 30.2436 29.7147 29.3572 29.1925 29.0589 28.9288 28.9442 28.8713 28.8355 28.6864 28.5577 28.5367 28.4677 28.3261 28.1947 28.0606 27.9244 27.8974 27.8544 28.0501 28.1842 28.0523 27.9313 27.7952 27.7908 27.6046 27.4637 27.3661 27.3592 27.4277 27.6379 28.076 28.25 28.1486 27.9938 27.8799 27.7281 27.6868 27.6632 27.6811 27.5711 27.3578 27.1817
31.8595 31.9675 32.2038 32.4978 32.9695 33.2621 33.1047 32.4679 31.7662 31.7282 31.4624 32.0805 32.5659 33.2379 33.6592 33.954 34.9552 34.0545 32.4551 33.1687 34.6237 34.3313 33.5557 32.2826 31.1513 30.2166 29.6223 29.2319 29.0803 29.0418 28.9299 28.7949 28.6691 28.6326 28.7041 28.6643 28.5448 28.5803 28.3972 28.1805 28.13 28.1872 28.1719 27.9616 27.8356 27.7661 27.8193 27.9706 28.2259 28.0746 27.7953 27.5161 27.2703 27.3438 27.5117 27.7551 27.7782 27.5973 27.4972 27.5626 27.7219 27.9447 27.9096 27.9162 27.7785 27.5835 27.388
31.4849 31.5633 31.6112 31.7638 32.0758 32.2294 32.281 32.1033 31.3432 30.6307 30.3503 30.2809 30.3024 30.6655 30.852 31.0178 31.2933 31.5711 31.2082 32.1285 34.6668 35.6056 34.4919 33.8765 32.0912 30.6601 29.7703 29.1146 28.893 28.94 29.14 29.2229 29.061 28.926 28.7638 28.6443 28.6255 28.8543 28.6477 28.6694 28.5561 28.48 28.6998 28.3617 27.9785 27.7411 27.8345 28.3005 28.7629 28.7928 28.6971 28.1746 27.4868 27.7267 27.7591 27.6337 27.5747 27.3194 27.2328 27.5311 27.9835 28.4045 28.5052 28.5617 28.5754 28.2898 28.0781
31.4166 31.365 31.2613 31.43 31.3692 31.3681 31.4369 31.364 30.9327 30.2458 29.9508 29.6384 29.3134 29.2561 29.3893 29.5919 29.7534 29.9962 30.2212 31.1332 32.3652 32.9001 32.7445 32.4351 31.5404 30.4334 29.6527 29.0808 28.7739 28.7979 29.0747 29.3812 29.8309 29.967 29.3368 28.9963 28.7138 28.573 28.3959 28.1668 28.1115 28.1319 28.1629 28.0378 27.7846 27.6623 27.4645 27.6179 27.8683 27.9742 28.1313 28.0012 27.4652 27.2865 27.3998 27.4132 27.3017 27.1375 27.0887 27.2503 27.6504 28.15 28.5624 28.8989 29.0553 28.9992 29.0341
31.676 31.5662 31.3552 31.3713 31.0879 30.88 30.878 30.7972 30.5714 30.0582 29.6931 29.382 29.0414 28.835 28.8602 29.0195 29.2547 29.4463 29.7094 30.343 30.9014 31.2783 31.5444 31.1061 30.3927 29.7838 29.4813 29.0861 28.8075 28.9526 29.4415 29.8772 30.4281 31.0107 30.4184 29.5772 29.0549 28.7734 28.4541 28.0567 27.8703 27.7927 27.801 27.7332 27.6715 27.5363 27.3728 27.3542 27.4296 27.4002 27.3479 27.2497 27.1047 27.0382 27.1152 27.1957 27.0509 27.053 27.1958 27.1995 27.1695 27.349 27.4754 27.5632 27.7444 28.0751 28.7159
30.9223 31.0485 31.0392 31.238 31.3461 31.1379 30.8558 30.5978 30.333 29.8952 29.4866 29.0829 28.7402 28.5911 28.5772 28.7174 28.9686 29.1884 29.5151 29.8388 30.1772 30.423 30.8844 30.5803 29.9537 29.2971 29.0658 28.9169 28.8646 29.2026 29.835 30.5302 31.0332 31.4258 31.1713 30.5644 29.5437 29.1518 28.7158 28.1711 27.9486 27.7773 27.6775 27.6157 27.5759 27.5058 27.463 27.427 27.4144 27.2916 27.1556 27.1058 27.1642 27.1651 27.0257 27.0549 27.0937 27.304 27.788 27.771 27.3021 27.0797 27.0784 27.1167 27.1945 27.3513 27.6357
