Data/Param_a.asc
ncols         679
nrows         333
xllcorner     90.5472
yllcorner     32.43537
cellsize      0.01
NODATA_value  -9999
[rows 28 to 55 of 333, columns 128 to 191 of 679]
0.98697 0.983779 0.983648 0.985117 0.988658 0.993057 0.99453 0.994665 0.993881 0.992378 0.992234 0.991789 0.990765 0.99148 0.991537 0.992417 0.992322 0.995679 0.999196 1.0017 1.00389 1.00677 1.0065 1.0047 1.00423 1.00456 1.00793 1.0086 1.00484 1.00357 1.00169 1.00095 0.999854 1.00058 0.999753 0.997987 0.995675 0.99148 0.985256 0.978562 0.973153 0.9677 0.965756 0.965537 0.965391 0.966181 0.965629 0.965848 0.966936 0.968677 0.971248 0.972286 0.973798 0.973634 0.973932 0.976062 0.977729 0.977983 0.979201 0.981882 0.98218 0.983148 0.985237 0.989921
0.991242 0.987752 0.984657 0.984316 0.985619 0.98872 0.989569 0.989277 0.989199 0.987823 0.986952 0.987051 0.987258 0.987938 0.988432 0.989483 0.991645 0.998266 1.00373 1.00643 1.0077 1.01271 1.01284 1.0141 1.01662 1.01532 1.01484 1.01023 1.00585 1.00411 1.00465 1.00842 1.01158 1.01009 1.00968 1.00779 1.00333 0.998002 0.989782 0.980545 0.974383 0.969327 0.967014 0.965589 0.965858 0.9665 0.966647 0.969667 0.974039 0.979774 0.983827 0.986091 0.982582 0.986323 0.988287 0.989417 0.987765 0.987544 0.991721 0.993616 0.993082 0.993685 0.99388 0.997974
1.0025 0.993128 0.987322 0.98503 0.985655 0.988469 0.989823 0.991903 0.99158 0.99122 0.993305 0.995888 0.992935 0.995523 0.992917 0.99518 1.00142 1.00809 1.01292 1.01418 1.01545 1.01745 1.0171 1.02188 1.02886 1.03023 1.0269 1.02024 1.01051 1.00655 1.01017 1.02074 1.03272 1.03268 1.02666 1.02247 1.01585 1.00783 0.999279 0.99165 0.982521 0.975289 0.97186 0.96802 0.968901 0.972153 0.976143 0.982413 0.990559 0.999012 1.00669 1.01206 1.003 1.00117 1.00971 1.00803 1.00737 1.00427 1.00722 1.00237 1.00498 1.00887 1.0106 1.01406
1.00574 0.99852 0.992768 0.991929 0.993416 0.997268 1.0024 1.00728 1.0029 1.00356 1.0115 1.01266 1.00661 1.0051 1.00507 1.01922 1.03465 1.04558 1.04487 1.03301 1.03113 1.02984 1.03208 1.03234 1.03906 1.04796 1.04168 1.0274 1.01894 1.01598 1.02108 1.04227 1.06935 1.08753 1.07145 1.05118 1.03792 1.02997 1.03102 1.01705 1.00419 1.00476 0.990378 0.982056 0.982324 0.996599 1.01014 1.01706 1.02595 1.03363 1.03434 1.03726 1.01997 1.00334 1.01175 1.01834 1.02164 1.01568 1.00998 1.01005 1.01546 1.02632 1.03609 1.03433
1.00801 1.00428 1.00157 1.00441 1.00933 1.0126 1.013 1.01969 1.02212 1.02567 1.03207 1.02502 1.02514 1.01817 1.0192 1.03728 1.04603 1.05235 1.05917 1.05829 1.06632 1.0625 1.06786 1.06261 1.08187 1.08485 1.06119 1.04957 1.03661 1.03921 1.05268 1.06835 1.09589 1.14154 1.1326 1.08202 1.08069 1.07334 1.05389 1.04134 1.04043 1.03367 1.01745 1.0008 0.996485 1.01801 1.04206 1.04998 1.05374 1.05493 1.05714 1.05169 1.02861 1.01231 1.01137 1.01705 1.02007 1.01919 1.01376 1.01752 1.02366 1.03887 1.04973 1.03861
1.0185 1.01779 1.01767 1.0209 1.02398 1.02577 1.02425 1.02545 1.03367 1.04106 1.04679 1.046 1.03797 1.02676 1.01936 1.02302 1.03113 1.04032 1.0456 1.06153 1.08211 1.0952 1.1024 1.09598 1.12165 1.11823 1.10484 1.09787 1.07328 1.073 1.09916 1.11607 1.12123 1.14867 1.15132 1.12396 1.14534 1.13099 1.09306 1.06808 1.05764 1.05617 1.04555 1.02208 1.00868 1.01863 1.03272 1.03854 1.049 1.06171 1.07315 1.06797 1.03981 1.01809 1.0106 1.01029 1.00917 1.0094 1.00429 1.00676 1.00149 1.0019 1.00776 1.00141
1.03231 1.03385 1.03298 1.0318 1.03828 1.04894 1.05579 1.04775 1.04633 1.0525 1.0578 1.05887 1.05533 1.04046 1.0296 1.02871 1.02804 1.02855 1.03416 1.04953 1.06731 1.08902 1.09511 1.10035 1.1191 1.13499 1.13473 1.14404 1.12259 1.11619 1.13357 1.14301 1.13579 1.13723 1.14235 1.14197 1.15554 1.14758 1.11889 1.08736 1.07654 1.07552 1.06497 1.04735 1.02575 1.02393 1.0367 1.05145 1.06152 1.0722 1.06539 1.05246 1.03477 1.02 1.00624 0.996094 0.992083 0.988183 0.98566 0.982886 0.978736 0.978323 0.978054 0.976692
1.04561 1.05074 1.05423 1.05159 1.06671 1.10797 1.12971 1.10217 1.0887 1.1041 1.09615 1.0776 1.06492 1.05802 1.04776 1.05024 1.04625 1.03698 1.03045 1.03652 1.04703 1.06154 1.07112 1.08431 1.0984 1.11265 1.1289 1.15313 1.14554 1.14264 1.13817 1.13325 1.12651 1.12483 1.12972 1.12989 1.13154 1.12806 1.11515 1.09326 1.07767 1.06987 1.0624 1.04857 1.03661 1.03289 1.0401 1.0491 1.05027 1.04878 1.03939 1.02823 1.01688 1.00604 0.992667 0.983819 0.979194 0.974507 0.971908 0.969077 0.96879 0.969562 0.968866 0.968457
1.0644 1.08444 1.09166 1.0889 1.09419 1.10778 1.10352 1.08913 1.11366 1.14225 1.11475 1.08203 1.08055 1.07531 1.06278 1.07315 1.06598 1.05102 1.02889 1.02519 1.02925 1.03445 1.04437 1.05739 1.06904 1.08078 1.09755 1.11025 1.11191 1.12999 1.1199 1.10746 1.11187 1.108 1.11282 1.11373 1.11157 1.10611 1.09399 1.08466 1.07816 1.07185 1.06433 1.05914 1.05329 1.04433 1.03921 1.03688 1.03313 1.0284 1.02346 1.01658 1.00653 0.996196 0.986205 0.979179 0.974573 0.970138 0.966202 0.963407 0.963853 0.965015 0.961346 0.96074
1.06441 1.07252 1.07728 1.06405 1.07185 1.06427 1.04162 1.03332 1.06029 1.09445 1.10055 1.08299 1.06356 1.06337 1.05641 1.05681 1.04851 1.03911 1.02035 1.01591 1.01685 1.02306 1.02952 1.03795 1.04658 1.0534 1.05993 1.06935 1.07516 1.08628 1.08816 1.08077 1.0896 1.08944 1.08966 1.09273 1.09315 1.09497 1.10453 1.10838 1.11235 1.11107 1.10694 1.09587 1.08255 1.06635 1.05737 1.05071 1.03924 1.02769 1.01653 1.01167 1.00957 0.999303 0.989159 0.982157 0.976073 0.970576 0.965595 0.962868 0.961614 0.958277 0.954659 0.958125
1.03263 1.0338 1.03825 1.02125 1.02589 1.02994 1.01566 1.00931 1.03174 1.05736 1.06059 1.05169 1.03426 1.03872 1.02944 1.02551 1.02584 1.02333 1.01866 1.01196 1.00833 1.01437 1.02149 1.02816 1.03419 1.03744 1.04106 1.04461 1.04862 1.05018 1.05384 1.05486 1.06195 1.06864 1.07014 1.07194 1.08064 1.08967 1.09805 1.10108 1.10741 1.11301 1.1113 1.09886 1.08406 1.07443 1.06561 1.05996 1.05484 1.03905 1.02448 1.01275 1.00353 0.996394 0.990398 0.98277 0.976002 0.970744 0.966758 0.964033 0.964802 0.961858 0.957799 0.955857
0.993561 0.991285 0.989056 0.985643 0.985476 0.989306 0.986918 0.99602 1.01439 1.03383 1.04023 1.04386 1.02702 1.01102 1.00958 1.00594 1.00121 1.00675 1.01164 1.00516 1.00866 1.0116 1.01424 1.02038 1.02445 1.02689 1.03025 1.03179 1.03457 1.03553 1.03675 1.03795 1.04242 1.04835 1.05454 1.06568 1.07971 1.08737 1.09152 1.09964 1.10844 1.11435 1.11013 1.09192 1.08667 1.08281 1.08698 1.08373 1.06812 1.05106 1.04275 1.03131 1.01244 0.99367 0.986254 0.980103 0.972193 0.967197 0.963496 0.962012 0.961667 0.961643 0.96169 0.961673
0.963402 0.962724 0.964163 0.967064 0.971273 0.976093 0.978852 0.982416 0.994108 1.00746 1.01509 1.03112 1.02602 1.0129 0.996002 0.989608 0.98701 0.991119 1.00256 0.999869 1.00099 1.0087 1.0148 1.01527 1.01752 1.02084 1.02362 1.02219 1.02565 1.026 1.0266 1.02929 1.03309 1.03682 1.04435 1.05334 1.06269 1.06782 1.07265 1.07642 1.07831 1.07914 1.0753 1.06759 1.06511 1.06264 1.06554 1.06669 1.05895 1.05304 1.05529 1.04816 1.0318 1.00697 0.994144 0.991656 0.98079 0.971487 0.968139 0.965221 0.961163 0.958519 0.960795 0.964046
0.958852 0.961424 0.965459 0.969814 0.975417 0.978761 0.977553 0.976026 0.980309 0.988417 0.997531 1.00958 1.01066 1.01892 1.00212 0.985342 0.978478 0.978923 0.984291 0.991597 0.992985 0.99959 1.0088 1.01679 1.01852 1.01641 1.01589 1.01505 1.01707 1.01855 1.01947 1.02171 1.02695 1.02964 1.03235 1.03808 1.04427 1.05012 1.05476 1.05746 1.05545 1.05339 1.04861 1.0446 1.03926 1.03603 1.03302 1.02923 1.02681 1.0269 1.02909 1.03034 1.03192 1.02027 1.001 0.996848 0.997003 0.989819 0.977751 0.970128 0.96772 0.965109 0.961715 0.962237
0.963304 0.966984 0.972377 0.978002 0.98345 0.986714 0.984912 0.980886 0.978621 0.979458 0.985615 0.993445 0.995371 1.00092 0.9908 0.98177 0.975926 0.97432 0.97536 0.981806 0.992506 0.996098 1.00242 1.0065 1.01131 1.01214 1.01105 1.00982 1.01076 1.01368 1.01567 1.0213 1.03361 1.03432 1.03217 1.03651 1.03938 1.04369 1.04926 1.05241 1.05501 1.05327 1.05041 1.04488 1.03712 1.03077 1.02506 1.01866 1.01193 1.0083 1.00727 1.00915 1.00986 1.00947 1.00828 0.998595 0.994446 0.995593 0.987413 0.97855 0.975189 0.974697 0.968937 0.961452
0.969452 0.973697 0.979286 0.985942 0.991293 0.994806 0.992913 0.988327 0.983826 0.980753 0.978409 0.97881 0.980497 0.980978 0.977867 0.974246 0.971222 0.970891 0.972927 0.979317 0.98887 0.990595 0.991669 0.994403 1.00102 1.00384 1.00682 1.0057 1.00534 1.00793 1.01168 1.01811 1.02968 1.03717 1.03657 1.03672 1.04438 1.05594 1.06681 1.07229 1.08186 1.09029 1.10618 1.09122 1.06327 1.04353 1.03326 1.02472 1.01585 1.00743 1.00224 1.00125 1.00063 1.00044 0.999425 0.997532 0.992967 0.990486 0.98919 0.985552 0.981036 0.980823 0.977308 0.967229
0.973828 0.977845 0.98307 0.988664 0.993638 0.997014 0.994423 0.990086 0.985915 0.982278 0.979049 0.974792 0.971054 0.968836 0.96588 0.964654 0.964989 0.966607 0.968197 0.969608 0.971636 0.976523 0.980933 0.985113 0.992355 0.994811 0.996743 0.996663 0.997116 0.999968 1.00201 1.00831 1.02357 1.03889 1.04702 1.04776 1.04772 1.03731 1.04579 1.05109 1.06064 1.08997 1.12077 1.133 1.1156 1.08173 1.05452 1.03389 1.02272 1.01562 1.0109 1.00376 0.998965 0.996717 0.9958 0.995427 0.993572 0.989129 0.989507 0.990422 0.985125 0.980711 0.978409 0.973722
0.978293 0.979921 0.982703 0.98484 0.986928 0.988741 0.987629 0.984779 0.981097 0.979124 0.97617 0.970539 0.965228 0.961006 0.957867 0.957705 0.958509 0.959256 0.959729 0.9608 0.963247 0.966874 0.970581 0.973827 0.977647 0.977869 0.979882 0.984195 0.986873 0.989661 0.99646 1.01106 1.03338 1.04981 1.05041 1.04037 1.03264 1.01049 0.998022 0.998903 1.01129 1.03713 1.05998 1.07853 1.0817 1.07093 1.05555 1.04628 1.03896 1.03012 1.0174 1.00647 1.00866 1.00431 1.00062 0.996474 0.992475 0.986848 0.987866 0.990449 0.987285 0.981975 0.97806 0.979834
0.985172 0.984744 0.98265 0.980593 0.979383 0.978765 0.978485 0.978266 0.977412 0.975549 0.972232 0.966448 0.961705 0.958082 0.955021 0.953592 0.954094 0.954203 0.955517 0.956961 0.960514 0.965755 0.969345 0.972888 0.975792 0.981269 0.991256 1.00835 1.01368 1.01471 1.01804 1.02501 1.02897 1.0221 1.01815 1.00333 0.990888 0.979695 0.969723 0.977481 0.989857 1.00436 1.00923 1.01989 1.03043 1.02981 1.01889 1.01375 1.02032 1.0253 1.02322 1.01528 1.0075 1.0043 1.00751 1.0057 1.00055 0.991191 0.993028 0.987232 0.984923 0.986718 0.983381 0.979281
1.00188 0.995802 0.987027 0.980394 0.974336 0.972299 0.971395 0.971271 0.972011 0.972648 0.969314 0.962937 0.957361 0.953226 0.950232 0.951015 0.953706 0.955212 0.957561 0.958694 0.959682 0.961419 0.964785 0.969888 0.982164 0.996464 1.00444 1.00422 0.995951 0.985461 0.984851 0.984007 0.982834 0.982665 0.98338 0.970666 0.968071 0.963786 0.966876 0.978879 0.987222 0.990245 0.980209 0.990873 0.997274 0.997088 0.993108 0.983683 0.984706 0.985895 0.988901 0.997574 0.999389 0.995102 0.994085 0.999329 1.00232 0.998888 0.99465 0.989848 0.993528 0.992778 0.99038 0.986375
1.0275 1.01774 1.00087 0.986545 0.974496 0.967923 0.965557 0.96535 0.965329 0.966512 0.963869 0.95835 0.953498 0.94842 0.948906 0.952447 0.956613 0.961696 0.963515 0.962118 0.963606 0.967566 0.971804 0.974789 0.977461 0.976078 0.970612 0.965921 0.962858 0.958279 0.957675 0.957191 0.957107 0.9587 0.957312 0.955891 0.95777 0.959465 0.963974 0.962961 0.966075 0.970081 0.965842 0.979904 0.98561 0.980515 0.975395 0.967517 0.966793 0.964236 0.967164 0.972961 0.974023 0.971346 0.971357 0.975154 0.984619 0.990343 0.992056 0.99597 1.00094 1.00657 1.00158 0.992271
1.04092 1.03326 1.01309 0.996063 0.977295 0.965162 0.961542 0.959569 0.959363 0.961248 0.962796 0.964406 0.964773 0.960118 0.962499 0.96502 0.963263 0.964425 0.963979 0.961984 0.96173 0.962017 0.960697 0.956008 0.95261 0.948617 0.94897 0.94686 0.943893 0.94403 0.945175 0.945433 0.94603 0.947299 0.947978 0.951011 0.953273 0.953553 0.95307 0.951048 0.950758 0.954354 0.956637 0.964202 0.970564 0.970381 0.970293 0.963111 0.959954 0.956297 0.962865 0.967047 0.963696 0.960508 0.958616 0.957728 0.961552 0.967987 0.975704 0.982646 0.985143 0.99561 1.00744 1.00018
1.0526 1.04656 1.02624 1.01114 0.989731 0.972508 0.965679 0.963183 0.967622 0.981243 1.00317 1.0096 1.00157 0.983795 0.975224 0.964731 0.953605 0.948402 0.945434 0.943619 0.943711 0.943457 0.943151 0.942162 0.942072 0.941844 0.942899 0.942458 0.941607 0.942033 0.943181 0.943459 0.943814 0.945218 0.946768 0.947769 0.946882 0.944627 0.945608 0.947148 0.947239 0.948711 0.95173 0.958515 0.964991 0.968758 0.972838 0.963982 0.956284 0.952177 0.956556 0.960085 0.9565 0.953335 0.952168 0.950321 0.953633 0.957929 0.964426 0.966906 0.974089 0.984592 0.99532 0.99847
1.06656 1.05941 1.04203 1.02846 1.01147 0.996144 0.989938 0.987507 0.991517 0.996044 0.998258 0.990211 0.979363 0.966242 0.957594 0.947233 0.943012 0.942184 0.942236 0.943611 0.944774 0.946398 0.948932 0.950073 0.950181 0.949726 0.950405 0.951631 0.951062 0.950818 0.950738 0.950722 0.949553 0.950296 0.950921 0.950722 0.950233 0.948601 0.948483 0.948903 0.948706 0.948605 0.95154 0.955876 0.962521 0.968703 0.971286 0.969644 0.959672 0.949819 0.947469 0.948174 0.948625 0.948514 0.949861 0.950662 0.949331 0.948299 0.950012 0.951521 0.960773 0.964771 0.974612 0.979012
1.01082 1.00532 0.995192 0.993723 1.00406 1.00392 0.992742 0.978925 0.970507 0.965831 0.961874 0.956842 0.95107 0.946297 0.944068 0.942107 0.942757 0.94669 0.950598 0.953438 0.954786 0.956326 0.958433 0.961054 0.961622 0.962104 0.963168 0.964267 0.964202 0.963322 0.962181 0.961341 0.96029 0.959513 0.958987 0.958841 0.958142 0.957294 0.95615 0.955236 0.954906 0.95465 0.953715 0.954758 0.957741 0.960294 0.963602 0.969244 0.969192 0.957627 0.948849 0.943968 0.941855 0.939368 0.938952 0.939118 0.942436 0.942533 0.94081 0.940286 0.944069 0.946841 0.953758 0.95805
0.984898 0.981151 0.973102 0.969998 0.970334 0.968783 0.964772 0.956429 0.949954 0.946904 0.942698 0.940384 0.938565 0.937966 0.940504 0.942048 0.944427 0.948979 0.953188 0.956122 0.958203 0.959658 0.962324 0.964861 0.966298 0.967739 0.96936 0.970416 0.970909 0.969812 0.968317 0.96752 0.967021 0.96532 0.964919 0.96468 0.963721 0.962708 0.962386 0.961482 0.960854 0.959862 0.957731 0.955872 0.955244 0.955865 0.956048 0.957895 0.962678 0.962683 0.958816 0.949835 0.940776 0.935706 0.93463 0.933835 0.93538 0.936456 0.935529 0.934718 0.935686 0.936934 0.938123 0.941828
0.967654 0.965134 0.959446 0.955476 0.951741 0.948563 0.94557 0.941682 0.937306 0.934163 0.932401 0.932267 0.933464 0.934895 0.937454 0.940235 0.942475 0.944942 0.947141 0.949733 0.951909 0.953845 0.956299 0.958246 0.959767 0.961878 0.964209 0.965696 0.967869 0.968131 0.967157 0.967752 0.968286 0.967494 0.967365 0.967402 0.966199 0.964771 0.964087 0.963305 0.96282 0.96145 0.959927 0.957431 0.955944 0.953922 0.951189 0.950137 0.949072 0.952784 0.957177 0.952975 0.944513 0.937208 0.933971 0.93199 0.930576 0.931517 0.932056 0.932559 0.932593 0.931543 0.928891 0.928227
0.954974 0.952004 0.94918 0.946222 0.941911 0.939086 0.937216 0.93456 0.932765 0.930062 0.929706 0.931104 0.93352 0.936474 0.936747 0.93919 0.941925 0.942955 0.943465 0.944933 0.946612 0.948152 0.949533 0.950958 0.952954 0.95545 0.957512 0.960106 0.963053 0.965116 0.965852 0.967945 0.969065 0.968946 0.968436 0.968012 0.967799 0.967089 0.965994 0.964672 0.963986 0.963164 0.961355 0.959781 0.95733 0.955645 0.952627 0.949907 0.946201 0.94413 0.944008 0.943829 0.941993 0.942297 0.938051 0.933441 0.931563 0.930972 0.930863 0.931491 0.931048 0.929509 0.926111 0.925223
