Data/Param_I.asc
ncols         679
nrows         333
xllcorner     90.5472
yllcorner     32.43537
cellsize      0.01
NODATA_value  -9999
[rows 60 to 89 of 333, columns 469 to 535 of 679]
28.6056 28.1792 28.0851 28.0773 28.126 28.1736 28.1903 28.1173 28.1073 28.0806 28.0265 28.0005 27.9691 27.917 27.8789 27.9545 28.0525 28.1686 28.3325 28.6024 28.9074 28.8438 29.1035 29.695 30.2881 30.9533 31.4978 31.474 31.6747 31.1657 30.8663 30.7226 30.6772 30.9827 31.5394 32.0412 32.9274 32.4118 31.9868 31.7373 31.2661 31.37 31.5999 32.3755 33.7306 35.7364 36.6446 34.0512 31.4604 30.6435 29.9863 28.8877 27.6901 27.017 26.6215 26.3156 26.1447 26.137 26.3021 26.4828 26.694 27.0263 26.8683 26.7279 26.7013 26.6348 26.603
28.1496 27.956 27.9755 28.0907 28.1744 28.3258 28.3235 28.3133 28.2688 28.167 28.0909 28.0385 27.9101 27.8868 27.8356 27.8468 27.8919 27.9134 28.057 28.196 28.3551 28.552 29.0439 29.8698 31.0241 32.0155 32.6763 32.9567 33.1147 32.6177 31.7654 31.4654 30.9425 30.8089 30.9471 31.4692 32.8401 33.6616 33.2212 32.5746 32.0645 32.061 32.5636 32.3375 32.5365 33.437 34.862 33.8387 33.0528 31.7897 30.0685 29.0476 28.1229 27.372 26.7089 26.367 26.2779 26.2982 26.5377 27.0029 27.1771 27.4481 27.6198 27.6854 27.5061 27.1592 27.1275
28.0465 27.9485 28.0481 28.146 28.278 28.5881 28.6891 28.6005 28.424 28.2965 28.1743 28.0271 27.8683 27.8441 27.904 28.0273 27.985 27.8169 27.8065 27.9267 28.1115 28.436 28.9378 29.6447 30.2704 31.0281 31.7621 33.1563 33.8458 33.4303 32.7653 32.0366 31.5421 31.2041 31.089 31.1267 31.5121 32.626 34.2173 34.2928 33.5548 33.17 33.8456 33.7262 33.2941 32.6861 32.0075 31.552 31.0664 30.6183 30.1218 29.5447 28.891 27.9858 26.9838 26.5977 26.7544 26.5716 26.5547 26.8335 27.0847 27.333 27.6721 28.1042 28.1011 27.9134 27.8389
28.1138 28.0142 28.0153 28.1031 28.201 28.4589 28.6004 28.6386 28.5595 28.4962 28.368 28.0341 27.8769 27.7937 27.8707 28.1394 28.2012 27.9149 27.7063 27.8543 28.0333 28.3116 28.6707 29.0409 29.5709 30.3723 30.9962 32.0278 32.8072 32.6476 32.9285 32.7916 32.2872 31.7737 31.4891 31.2194 31.0879 31.4287 32.4004 33.4742 34.2698 34.4075 34.1679 33.237 32.5979 32.1171 31.4505 31.111 30.2547 29.5567 29.1062 28.7196 28.2969 27.7481 27.1747 26.9295 27.3164 26.9999 26.7039 26.7315 26.8466 27.0692 27.3737 27.7321 27.8921 27.9569 27.9415
28.1419 28.0784 28.0239 28.1323 28.2536 28.423 28.4877 28.5521 28.5736 28.5385 28.4657 28.1858 27.9634 27.7954 27.8055 27.9044 27.8826 27.6689 27.741 27.9078 27.9577 28.3884 28.8272 29.0732 29.2671 29.6747 30.5556 31.693 31.6145 31.6454 32.4646 33.4307 33.1016 32.3414 31.7384 31.2671 30.9912 30.8928 31.2184 31.8199 33.0658 34.3791 35.1641 33.4906 32.4838 31.7671 31.0926 30.6346 30.1164 29.6722 29.5684 29.4508 28.9978 28.4045 27.6496 27.2079 27.5149 27.3362 27.0733 26.988 26.9741 27.0392 27.1296 27.3972 27.61 27.7024 27.8614
28.1888 28.1493 28.199 28.2736 28.204 28.2377 28.2138 28.1107 27.9774 27.8674 27.8332 27.8017 27.74 27.6575 27.6267 27.575 27.5094 27.466 27.7861 28.0964 28.0156 28.2827 28.8572 29.638 29.7962 29.6172 29.9005 30.4827 30.4371 30.8636 32.2271 33.3132 34.2054 33.9595 32.7351 31.6152 30.9101 30.6527 30.9161 31.2128 31.7305 32.5688 33.9335 34.4252 33.752 33.0081 31.7818 31.0267 30.4308 29.9093 29.3643 29.0685 28.7799 28.407 27.9457 27.6773 27.9691 28.1552 27.7577 27.3518 27.3595 27.3217 27.1837 27.272 27.4355 27.4719 27.6668
28.3867 28.5411 28.491 28.2945 28.0152 27.7904 27.5942 27.4635 27.2767 27.2209 27.208 27.194 27.2671 27.3646 27.3946 27.4254 27.5195 27.413 27.4532 27.6658 28.0553 28.3694 28.6775 29.4182 30.1732 30.4749 29.6324 28.9806 29.1477 30.0548 31.1509 31.9817 33.4833 33.8284 32.6229 31.6447 30.7398 30.5681 30.8004 31.093 31.3957 31.594 32.2358 33.541 33.9418 33.1405 33.11 32.281 31.1453 30.7427 29.9085 29.4237 28.9956 28.6958 28.8812 28.6024 28.636 28.8962 28.032 27.6396 27.6702 27.794 27.5218 27.4915 27.5757 27.5951 27.6708
28.4765 28.8022 28.795 28.2691 28.0437 27.6404 27.2676 27.1582 27.07 27.0096 26.9381 26.9719 27.0211 27.1044 27.1997 27.3199 27.4843 27.4871 27.3051 27.3624 27.7355 28.4819 28.8744 29.0291 29.2553 29.9224 30.0209 28.7028 28.5164 29.4935 30.228 31.3762 33.0811 33.0462 31.7961 30.9229 30.9743 31.3614 31.1849 31.2561 31.7432 31.9985 32.1657 32.2608 32.6197 33.1285 33.5123 32.6506 32.2926 32.0083 30.721 30.0875 29.897 29.5176 29.8301 29.4638 29.3623 29.1021 28.4265 28.3963 28.2047 27.9787 27.8829 27.875 28.1371 28.0869 27.9609
28.6781 28.9702 28.9038 28.5002 27.9726 27.3029 27.0711 27.0166 27.0306 27.0322 26.9567 26.9427 26.914 26.9096 26.9691 26.9743 27.0418 27.1378 27.1854 27.1207 27.3017 27.6257 28.3673 28.6178 28.2866 28.5462 28.9997 28.3003 28.2351 28.699 29.1918 30.6479 31.9618 31.5024 30.689 30.2215 31.9567 32.7561 32.1868 31.7647 31.9939 32.4304 33.002 32.4848 31.9396 31.889 32.4288 32.7107 32.6919 32.2989 31.3641 31.2833 31.0821 30.7024 30.2833 30.0931 29.8614 29.3739 29.0924 29.1583 28.8569 28.4375 28.4377 28.2259 28.3687 28.5847 28.3458
28.9892 29.4904 29.0755 28.3362 27.5505 27.0111 26.913 27.1575 27.6759 27.5044 27.1803 26.9964 27.0253 26.9611 26.8992 26.8898 26.8964 26.8984 26.9546 26.9259 27.0255 27.1911 27.4941 27.9345 27.8511 27.7854 27.9768 27.6377 27.8926 28.3573 28.9249 29.6772 30.4476 30.019 29.4291 29.7971 31.3199 32.3176 32.7688 32.7444 32.7197 33.0941 33.4638 32.8259 32.2164 31.6715 31.362 31.425 31.7069 31.5861 30.9657 31.1614 32.0001 32.377 31.8259 30.9227 30.2625 30.2603 29.9633 30.0506 29.5279 28.9593 28.9841 28.6703 28.5069 28.7164 28.6325
29.382 29.3084 28.4243 27.6369 27.1721 26.906 26.8613 27.1528 28.039 27.9864 27.3457 27.1989 27.2081 27.1152 26.9629 26.9059 26.973 26.9303 26.8734 26.7816 26.7375 26.8394 27.0281 27.2647 27.3179 27.4908 27.4884 27.292 27.8104 28.561 28.8965 28.7715 28.4043 28.4633 28.7092 29.8457 31.6022 33.4261 34.3408 34.7716 34.8263 34.7878 33.9131 33.0928 32.6201 32.2245 31.7267 30.952 30.7103 30.5866 30.27 30.3152 31.1645 32.3479 32.8898 31.8549 31.368 31.2343 30.9153 30.7904 30.0726 29.7649 29.9052 29.4651 29.1206 29.0945 28.6715
29.5709 29.1507 28.1104 27.4302 27.2188 26.9095 26.8399 27.1469 27.9757 28.0987 27.4278 27.8152 27.3482 26.9276 26.8062 26.802 26.7923 26.7335 26.6807 26.7112 26.6297 26.5777 26.7609 26.919 26.9935 27.2827 27.4841 27.039 27.3958 27.9453 28.3022 28.0675 27.3744 27.4166 28.5406 30.0193 31.8136 33.837 35.2783 35.7759 35.5025 34.9371 34.6422 33.8603 33.5567 32.9684 32.0633 31.437 30.6646 30.0259 29.6576 29.7831 30.3815 31.4732 32.5356 32.6182 33.0068 32.2377 31.6097 31.211 30.8409 30.6744 30.8942 30.2804 29.8534 29.6908 29.0274
29.0887 28.3344 27.6731 27.7404 27.7111 27.1714 26.9495 27.1262 27.879 27.8009 27.8317 28.1628 27.175 26.8954 26.9239 27.0022 27.0034 26.6368 26.4719 26.4418 26.4734 26.4719 26.5094 26.6553 26.7678 26.8604 27.0987 26.96 27.2005 27.5633 27.6865 27.4528 27.0367 27.2572 28.2213 29.8065 31.2988 32.308 32.9415 33.6683 33.8624 33.4657 33.4247 33.6739 34.119 33.3275 32.4121 31.7391 31.102 30.3969 29.6759 29.4798 29.8175 30.4161 31.3601 32.3345 33.2799 32.8188 32.1247 31.7244 31.3448 31.6689 31.9107 31.342 30.6647 30.2331 29.6533
28.1865 27.7862 27.8063 28.2981 27.9682 27.3884 27.1875 27.3086 28.1519 28.0202 28.1873 27.7504 27.0081 27.4628 27.3222 27.2392 27.001 26.4916 26.3463 26.4627 26.6119 26.5423 26.4485 26.5175 26.6455 26.6928 26.8126 26.946 27.2945 27.3951 27.2511 27.1461 26.9561 27.199 27.653 28.5075 29.4894 30.6363 31.1973 32.3422 32.157 32.1382 33.6949 34.0455 33.9527 33.4928 32.6608 31.6497 30.8513 30.4295 29.6915 29.2747 29.5011 29.8945 30.3823 31.0136 31.7553 32.1611 32.0687 32.4494 32.1334 32.1362 32.185 32.0319 31.5558 31.2578 30.4256
27.8188 27.8359 28.087 28.0343 27.709 27.7134 27.3476 27.5835 28.4702 28.0622 27.8699 27.312 27.1705 27.858 27.2956 26.9573 26.6779 26.3172 26.2581 26.6045 26.8796 26.7385 26.5247 26.4505 26.5497 26.6281 26.7717 26.8732 27.1241 27.2502 27.1453 27.0158 27.182 27.6024 27.6223 27.8545 28.2715 29.07 29.9614 30.7705 30.7041 32.3235 34.4368 33.4849 32.8372 33.1102 32.9038 31.9404 31.0644 30.0956 29.2629 29.4701 29.7246 29.6813 29.9018 30.2521 30.5342 30.9316 31.154 31.9641 32.9099 32.9489 32.1165 31.8326 31.9447 31.4389 30.483
27.8549 28.352 28.1824 27.7193 28.0857 28.1699 27.5752 28.2301 28.8653 28.2327 27.6032 27.3197 28.0406 28.1765 27.2979 26.9963 26.6603 26.2302 26.4419 26.8039 26.7313 26.5777 26.5695 26.5032 26.5717 26.5955 26.7348 27.106 27.3967 27.2348 27.1137 27.0331 27.154 27.6345 27.6146 27.433 27.5346 27.8367 28.6328 29.125 30.5469 32.852 33.5101 32.2218 32.0627 32.9272 32.7957 31.4889 30.5512 29.7217 29.0171 29.7537 30.4004 29.9198 29.8392 29.9317 30.1215 30.2679 30.5674 30.9743 31.5142 31.911 31.6532 31.698 32.3482 32.3189 31.5509
28.6398 28.6432 28.1198 27.8673 28.2937 28.0886 27.7451 28.9053 29.391 28.5292 27.5298 27.841 28.7654 28.2397 28.4002 28.2031 26.9549 26.3168 26.8231 26.8675 26.4573 26.2804 26.2669 26.452 26.5759 26.5961 26.5955 26.9012 27.2312 27.0143 26.8554 26.8662 26.9861 27.1591 27.1857 27.0934 27.169 27.3295 27.8153 28.5469 29.903 31.4348 31.3051 30.9742 31.7779 31.6999 31.3572 30.7655 30.2263 29.2647 29.1392 29.7893 30.7852 31.0153 30.5922 30.3263 30.2472 30.2701 30.403 30.5339 30.7129 30.8315 30.9888 31.1494 31.5744 31.8695 31.8
29.5251 28.7817 28.2271 28.3925 28.6034 27.9689 27.8853 28.9107 29.3065 28.3485 27.667 28.6466 28.741 28.9202 29.5016 28.5358 26.7834 26.7802 27.4012 26.8441 26.1924 26.2328 26.3832 26.5718 26.5137 26.4342 26.5538 26.5405 26.633 26.688 26.7499 26.9066 27.1496 27.0726 27.0272 27.0818 27.1181 27.2532 27.5538 28.02 28.7684 29.4396 29.3821 30.2164 30.967 31.1912 29.9586 29.4881 28.988 29.0662 29.9597 30.4223 31.4732 32.0743 31.6088 31.225 30.8053 30.6063 30.5547 30.5296 30.5171 30.5253 30.6615 30.7307 30.8268 30.9972 31.0891
29.9 29.084 28.632 29.0263 28.6903 28.0102 28.0563 28.9449 28.9768 28.1356 28.0927 28.8063 28.6851 28.7999 28.187 27.1027 26.9887 27.8673 27.504 26.5221 26.2608 26.8088 26.6498 26.5695 26.3795 26.3852 26.6748 26.5118 26.3731 26.4781 26.6257 26.8758 27.4042 27.658 27.4102 27.543 27.3707 27.0547 27.1773 27.5557 27.9668 28.065 28.2471 29.0757 29.6851 30.7113 29.5784 28.4635 28.319 29.2598 30.5024 31.288 32.0339 32.9343 32.5097 32.2517 31.7776 31.2793 31.0455 30.7663 30.525 30.4267 30.477 30.4686 30.4824 30.5379 30.5825
30.3615 29.3012 29.4357 29.5386 28.5821 28.1774 28.3689 29.1043 28.6579 28.1383 28.855 29.046 28.0111 27.2651 26.8334 27.3301 28.3765 27.9962 26.8045 26.4528 26.555 27.47 27.0845 26.9397 26.4042 26.4704 26.8468 26.7324 26.3533 26.3041 26.3897 26.5354 27.1957 27.6989 27.7127 27.7587 27.6274 26.9634 26.9458 27.1763 27.4103 27.3112 27.3525 27.6542 28.2605 29.4089 29.0192 27.904 28.0619 29.7436 31.35 31.443 32.2601 33.0633 33.0742 32.8214 32.776 32.1751 31.5441 31.2121 30.7831 30.4039 30.3487 30.3113 30.396 30.4819 30.4039
31.0459 30.2169 30.3818 29.6865 28.9938 28.8397 28.9994 29.2078 28.6889 28.5326 28.7539 28.4621 27.3716 27.0112 27.9316 28.7733 27.8579 27.1626 26.9682 26.9936 26.7654 27.6894 27.8017 26.9634 26.4828 26.6074 26.5949 26.3509 26.2153 26.3473 26.4027 26.2613 26.6045 27.0567 27.2865 27.1448 27.1402 27.4026 27.1983 27.1981 27.1968 27.1877 27.2505 26.9701 26.9916 27.6905 27.7948 27.5033 28.437 29.629 30.8451 30.7489 32.1783 32.584 32.4219 32.5568 32.9692 32.7721 31.5763 31.0186 30.6398 30.365 30.3358 30.3037 30.2795 30.3632 30.4059
32.9767 31.9869 31.3346 30.8377 30.106 30.1195 29.8233 29.4146 28.6093 28.2503 28.0237 27.8323 27.2075 27.5669 28.5292 28.1252 28.0084 29.1429 28.1614 27.9378 27.459 27.6469 27.4972 26.9517 27.2604 27.1705 26.6063 26.0741 26.1314 26.5958 26.4964 26.1548 26.1786 26.4712 26.515 26.8113 27.0463 27.5654 27.5635 27.4377 27.2422 26.9657 26.8453 26.7723 27.034 26.9161 26.9608 27.4564 28.0482 28.6761 29.4766 29.9995 31.0549 31.8972 31.8281 32.4027 32.6775 32.1482 31.1607 30.8378 30.4993 30.3721 30.757 30.9919 30.7955 30.6692 30.5821
35.1574 33.8535 33.7911 33.1375 31.3995 31.3173 30.7855 29.8712 28.8707 28.1117 27.5453 27.3157 27.2635 27.6588 28.1617 28.0731 28.9071 30.1297 29.6126 29.2903 28.4647 28.7396 28.0335 28.956 28.4834 27.2899 26.3654 26.111 26.3283 26.4413 26.3263 26.1218 25.9105 26.1063 26.2939 26.8255 27.29 27.441 27.3967 27.2019 27.0051 26.6361 26.7848 27.0613 27.3427 27.1766 27.2288 27.6043 28.3308 29.0726 29.9166 30.4997 31.1589 31.5927 31.4474 31.5539 31.4556 31.431 30.6444 30.2476 30.1443 30.4587 30.7766 31.1682 31.6179 31.477 31.3368
37.7876 37.141 36.4166 34.585 33.2928 32.9554 32.8448 30.9861 29.5172 28.7872 28.0302 27.7181 27.6661 28.1926 28.9166 28.9963 29.021 29.9029 30.8268 30.7343 29.4628 29.4144 29.5154 30.7139 29.2721 27.6897 26.4265 26.9774 27.2296 26.7936 26.595 26.298 25.7506 25.9815 26.1412 26.235 26.6855 27.0759 26.7915 26.7812 26.5696 26.521 27.0802 27.1547 27.0742 27.2921 27.5774 28.1245 29.029 29.1194 29.7624 30.7532 31.8876 31.8836 31.5246 31.0787 30.7661 30.69 30.4417 29.8813 30.0023 30.9497 31.2668 31.1831 31.5421 32.1205 32.3055
39.8184 39.0748 37.5601 36.2653 36.4205 36.4689 34.968 31.91 31.1932 30.3283 29 28.36 28.0503 28.1992 28.801 29.3096 29.1911 29.7822 30.8795 31.1986 30.2724 29.9998 30.8901 29.5201 28.1855 27.2131 26.7591 27.5606 28.5112 28.052 26.9857 25.8542 25.4788 25.6229 25.6723 25.7454 25.8891 26.1312 26.0905 26.229 26.3058 26.5465 27.0293 27.1344 26.9235 27.1924 27.4663 28.0262 28.5183 28.6887 29.1819 30.1713 31.1106 31.7475 31.7567 31.4157 30.8427 30.3034 29.9921 29.6129 29.668 30.8841 32.1694 31.836 31.5351 31.9729 32.5173
38.5645 39.8766 38.6291 36.7907 35.9064 35.8937 35.6015 34.4358 33.7663 32.6697 30.9592 29.1679 28.5711 28.1925 28.2836 28.8412 28.9631 28.7099 29.3863 29.5109 29.7035 29.3504 30.1886 29.4103 27.6619 27.3133 27.5234 27.7753 27.3761 27.5214 26.7841 25.506 25.27 25.428 25.7361 25.9617 26.0142 25.943 26.2282 26.3052 26.2875 26.4641 26.7196 26.9282 26.8308 26.9044 27.0487 27.3315 27.6001 28.0113 28.533 28.7917 29.4889 30.3491 31.415 31.9106 31.4673 30.7084 29.9032 29.3343 29.1634 30.1228 31.5393 32.0881 32.037 31.7359 32.539
39.3648 42.113 39.4138 36.8113 35.654 34.6427 33.736 33.2174 32.4223 31.7888 31.4923 30.9397 29.6027 28.5345 28.0269 27.8132 28.1848 27.8728 27.6978 28.1322 28.9286 28.5931 28.3157 28.4053 27.7113 27.9207 27.8863 27.5857 27.0838 26.2541 25.776 25.4921 25.3049 25.2346 25.4221 26.049 26.8103 26.3981 26.4972 26.7343 26.7505 26.6846 26.5234 26.5924 26.738 26.8686 27.026 27.4443 27.3926 27.445 27.5877 27.7211 28.1233 28.693 29.8135 30.6243 30.7374 30.1985 29.7235 28.946 28.9634 29.4133 29.9477 30.8867 31.6635 31.8111 32.3344
41.6435 43.1574 41.4363 39.5549 37.9054 35.8576 34.0655 31.9579 30.3991 29.8464 30.2743 30.7491 29.7493 28.3467 27.5251 26.8646 26.6438 26.4585 26.4004 26.7928 27.463 27.6553 27.4032 27.6161 28.6646 28.3277 27.0293 27.5386 29.2245 27.8279 26.5555 26.0578 25.6387 25.3022 25.1986 25.5673 26.5743 26.986 26.8163 26.9191 26.8996 26.6857 26.6744 26.8544 26.8965 27.1749 27.5737 28.9289 29.1321 28.4583 27.9998 27.9732 27.8747 27.8483 28.6145 29.0585 29.5123 29.8835 29.4145 28.7825 28.9712 29.6607 29.6984 29.963 30.7385 31.6323 32.5077
38.5721 40.0792 41.3958 42.4029 39.5908 37.9551 36.5303 33.6466 30.6245 28.9971 28.0925 27.9869 27.9999 27.3509 26.627 26.1114 25.8221 25.747 25.6124 25.6392 25.9911 26.4203 26.486 26.4893 26.9126 27.7515 26.7999 26.442 28.4192 28.0546 26.7645 25.8529 25.4483 25.2729 25.1921 25.3306 26.1204 27.1188 27.2488 26.995 26.9295 26.7645 26.8301 27.09 27.1335 27.3199 27.7895 29.1818 30.084 29.8649 29.0618 28.5095 28.0587 27.6545 27.6658 27.8768 28.4738 28.9399 28.5001 28.362 28.9859 29.4122 29.4081 29.4402 29.9833 30.7775 32.0519
35.8394 37.2513 39.3507 41.923 40.2262 40.4304 39.6285 35.295 32.2022 30.1803 28.7841 27.7806 27.1552 26.8638 26.6284 26.2718 26.2003 26.1091 25.8691 25.6622 25.3859 25.6038 25.9749 26.1555 25.94 26.2981 26.3651 25.5824 26.1828 25.7716 25.3374 25.0775 24.9379 25.0315 25.1168 25.1949 25.8764 27.0771 27.3489 26.9457 26.8133 26.7026 26.8103 27.1076 27.3682 27.5444 27.71 28.3643 29.7932 30.7623 30.0995 28.9889 28.3965 27.9227 27.6242 27.5676 27.7415 28.0474 28.0468 28.6848 29.5289 29.4711 29.382 29.3787 29.6207 30.1778 31.033
