Data/Param_a.asc
ncols         679
nrows         333
xllcorner     90.5472
yllcorner     32.43537
cellsize      0.01
NODATA_value  -9999
[rows 0 to 27 of 333, columns 320 to 383 of 679]
1.31721 1.27438 1.21045 1.15265 1.16628 1.19243 1.17305 1.13636 1.08758 1.08961 1.11131 1.18629 1.1734 1.12808 1.15787 1.21789 1.16428 1.11033 1.06552 1.03416 1.02384 1.02392 1.02535 1.04401 1.10546 1.08767 1.02708 0.982195 0.982588 0.973199 0.996209 0.976939 0.981043 0.973426 0.944408 0.940065 0.906826 0.904747 0.895541 0.896343 0.914557 0.929016 0.900004 0.893602 0.899647 0.917983 0.926548 0.929627 0.918582 0.917062 0.906474 0.913715 0.929721 0.946368 0.94029 0.929822 0.926403 0.919116 0.912821 0.910148 0.910021 0.913639 0.925407 0.932947
1.30045 1.26337 1.275 1.19959 1.1838 1.19001 1.19341 1.1258 1.10646 1.13643 1.15678 1.15437 1.19999 1.1609 1.16326 1.19344 1.13845 1.08731 1.05651 1.08447 1.06546 1.04406 1.03157 1.02726 1.08338 1.07813 1.02819 0.983753 1.01052 0.987507 1.00779 0.991397 0.980425 0.984112 0.960657 0.954628 0.935278 0.925514 0.91481 0.913588 0.923707 0.931145 0.897369 0.895572 0.910835 0.92391 0.933674 0.930143 0.92468 0.922448 0.916835 0.917787 0.919857 0.922538 0.920556 0.915379 0.917184 0.914834 0.911078 0.90933 0.909774 0.913484 0.924134 0.929357
1.20482 1.18851 1.20071 1.17225 1.15203 1.14482 1.18479 1.16796 1.1425 1.14309 1.18371 1.18107 1.17546 1.17112 1.15205 1.16113 1.14565 1.11495 1.08914 1.0996 1.0686 1.06236 1.0343 1.02556 1.03515 1.05027 1.00484 0.988789 1.01661 0.989096 0.993874 0.981198 0.968908 0.970592 0.960116 0.949582 0.946742 0.936226 0.930719 0.929161 0.927424 0.915243 0.90116 0.903492 0.916245 0.921532 0.924176 0.920953 0.91959 0.915356 0.914684 0.913906 0.91208 0.911826 0.912245 0.911288 0.911005 0.910519 0.909533 0.909738 0.910237 0.909574 0.913109 0.912876
1.12952 1.1134 1.11956 1.12204 1.12371 1.12373 1.13628 1.13522 1.12976 1.13 1.14466 1.14742 1.11655 1.11198 1.08791 1.09919 1.09031 1.0849 1.07912 1.07458 1.06015 1.0448 1.04085 1.04118 1.03028 1.0252 0.996282 0.981349 0.986264 0.970123 0.959406 0.947825 0.93917 0.932657 0.92974 0.924242 0.919427 0.914599 0.912274 0.912106 0.911853 0.909237 0.905221 0.904812 0.906836 0.909784 0.913423 0.9139 0.914375 0.913966 0.914399 0.914308 0.913811 0.913548 0.913616 0.912621 0.911527 0.911371 0.910672 0.910178 0.909906 0.908951 0.908268 0.908054
1.09908 1.07877 1.07939 1.08267 1.08498 1.08897 1.09434 1.10215 1.116 1.12873 1.12585 1.1144 1.09476 1.0763 1.05707 1.04739 1.04135 1.03538 1.0289 1.02378 1.01606 1.00955 1.00858 1.00508 1.00119 0.990363 0.973632 0.961502 0.953774 0.947374 0.938581 0.931248 0.923771 0.918997 0.915001 0.91164 0.909834 0.907131 0.905487 0.905076 0.904259 0.903546 0.903613 0.902426 0.90173 0.901708 0.904108 0.905621 0.905286 0.905431 0.905627 0.906091 0.905619 0.905117 0.905386 0.905292 0.904655 0.904545 0.903955 0.904324 0.904185 0.903134 0.902409 0.902685
1.07997 1.06919 1.06457 1.06592 1.06259 1.06044 1.06325 1.0734 1.10941 1.16729 1.15778 1.1305 1.1191 1.10216 1.07781 1.06299 1.05752 1.05316 1.0464 1.04091 1.03182 1.02361 1.01802 1.01183 1.00647 0.995586 0.985197 0.976931 0.969209 0.962581 0.955131 0.946821 0.939573 0.935316 0.933978 0.934306 0.934061 0.934235 0.933407 0.931991 0.931919 0.932574 0.932292 0.927134 0.922077 0.917993 0.914873 0.914114 0.916264 0.918803 0.920107 0.920629 0.916264 0.911314 0.906857 0.903307 0.900691 0.899541 0.897426 0.896749 0.897509 0.895697 0.895689 0.896039
1.05354 1.04954 1.04722 1.04829 1.04857 1.04613 1.04661 1.05136 1.07653 1.11623 1.1314 1.11665 1.11025 1.10422 1.09386 1.08388 1.08007 1.0765 1.08009 1.09296 1.09104 1.0838 1.07102 1.06227 1.05794 1.04159 1.02328 1.01605 1.00876 1.0051 0.994299 0.975596 0.976395 0.975266 0.976739 0.977374 0.981371 0.985445 0.986971 0.986512 0.988407 0.99174 0.992991 0.985235 0.985328 0.977712 0.97039 0.979815 0.980987 0.989789 1.0034 0.999616 0.998553 0.978463 0.96266 0.951407 0.938366 0.926432 0.923779 0.919207 0.909352 0.904238 0.911118 0.91365
1.0379 1.03565 1.03368 1.03329 1.03579 1.03467 1.03346 1.03285 1.04093 1.05728 1.06703 1.06684 1.06632 1.06844 1.07328 1.07586 1.07624 1.07391 1.07624 1.08641 1.09992 1.11499 1.11218 1.10788 1.09869 1.07744 1.05237 1.05234 1.05229 1.05641 1.03367 1.01264 1.03509 1.04304 1.04452 1.04869 1.05536 1.06222 1.06404 1.06386 1.06467 1.0677 1.06237 1.05141 1.05429 1.04813 1.05078 1.06513 1.07579 1.10829 1.1381 1.13164 1.15306 1.10717 1.0794 1.08033 1.02895 0.99432 0.997853 0.973034 0.93938 0.932538 0.962596 0.970499
1.02691 1.02764 1.02502 1.02338 1.0243 1.02201 1.02087 1.02229 1.02569 1.03577 1.0481 1.05641 1.0584 1.06042 1.06332 1.06681 1.06842 1.06948 1.07261 1.077 1.08699 1.10219 1.11886 1.12235 1.11161 1.09144 1.07509 1.06534 1.05767 1.05219 1.03477 1.03511 1.07026 1.09438 1.10869 1.13779 1.16004 1.17387 1.17086 1.18352 1.17041 1.14658 1.12068 1.12451 1.11822 1.11477 1.14273 1.15838 1.20291 1.26557 1.25767 1.29764 1.3386 1.25493 1.21084 1.21262 1.12278 1.09748 1.06706 1.0074 0.976501 0.969561 1.00815 1.01721
1.01045 1.0168 1.01588 1.01711 1.01924 1.02004 1.02138 1.01956 1.02426 1.03507 1.04779 1.05902 1.06343 1.06619 1.06989 1.07024 1.07023 1.07125 1.07371 1.07713 1.0859 1.0943 1.10268 1.1126 1.1111 1.09725 1.09275 1.08202 1.05904 1.03924 1.025 1.02714 1.04772 1.06263 1.08542 1.12854 1.16835 1.19088 1.20898 1.24854 1.2588 1.22783 1.18445 1.2001 1.19912 1.18124 1.22288 1.26777 1.2903 1.39188 1.36769 1.40478 1.47483 1.41325 1.3768 1.29067 1.22467 1.18598 1.08278 1.05578 1.02834 1.03761 1.07445 1.06177
0.991034 0.998587 1.00306 1.00846 1.01118 1.00958 1.01418 1.02042 1.03057 1.04266 1.05522 1.06547 1.0713 1.07239 1.07671 1.07639 1.07453 1.07435 1.07493 1.07711 1.08358 1.09276 1.09183 1.10346 1.09826 1.09378 1.0944 1.09077 1.0718 1.04248 1.02181 1.01273 1.01776 1.02538 1.04432 1.07139 1.09715 1.11382 1.13066 1.16535 1.20844 1.23053 1.24275 1.28015 1.31404 1.2897 1.29823 1.39998 1.45642 1.51708 1.51905 1.59084 1.62966 1.54555 1.45792 1.3536 1.24845 1.16553 1.11524 1.11169 1.09085 1.15464 1.15903 1.11778
0.976216 0.984108 0.992565 0.99799 0.998524 1.00199 1.01787 1.0299 1.04106 1.05099 1.06093 1.0715 1.07712 1.0789 1.08318 1.08796 1.08631 1.08164 1.07934 1.08 1.08051 1.08497 1.08125 1.08559 1.07785 1.07356 1.07125 1.0735 1.07094 1.05143 1.02861 1.01383 1.00833 1.01078 1.01741 1.02981 1.04315 1.05105 1.06296 1.0868 1.10985 1.13324 1.16433 1.23117 1.30639 1.38308 1.45697 1.52002 1.52514 1.5258 1.66141 1.72337 1.5698 1.44525 1.34339 1.25578 1.20845 1.20421 1.23319 1.18873 1.16589 1.26176 1.27299 1.18221
0.965395 0.973192 0.980611 0.985672 0.987874 1.00162 1.01985 1.0295 1.03897 1.04886 1.05903 1.06661 1.0718 1.08116 1.09315 1.0989 1.09747 1.0904 1.08852 1.08684 1.0854 1.08076 1.06985 1.05438 1.046 1.04448 1.04488 1.04508 1.04663 1.0476 1.03893 1.02789 1.0147 1.01299 1.00611 1.01105 1.01678 1.02127 1.02339 1.03311 1.04492 1.06568 1.10176 1.16344 1.22884 1.32536 1.41718 1.43927 1.43346 1.51272 1.58154 1.59492 1.47684 1.39009 1.35419 1.34855 1.36908 1.38232 1.36477 1.26841 1.23276 1.31992 1.36647 1.27157
0.958173 0.962966 0.969477 0.97506 0.979721 0.992966 1.00714 1.01397 1.02108 1.0303 1.03823 1.04421 1.05175 1.06657 1.07891 1.08784 1.08976 1.08675 1.08844 1.09092 1.09933 1.10107 1.07499 1.04564 1.02891 1.02694 1.02457 1.02294 1.02431 1.02611 1.02616 1.02517 1.01106 1.00367 1.00138 1.00872 1.01255 1.01403 1.01089 1.01767 1.02791 1.04586 1.06769 1.11228 1.15846 1.21681 1.27273 1.31302 1.34669 1.39827 1.40889 1.47031 1.45533 1.43484 1.43792 1.43033 1.42375 1.44285 1.40248 1.32391 1.3341 1.35894 1.3833 1.28602
0.952885 0.955398 0.958189 0.962382 0.967385 0.97525 0.982537 0.988885 0.996921 1.00306 1.00845 1.01822 1.02839 1.04029 1.04463 1.0557 1.06044 1.06834 1.06677 1.07088 1.08076 1.08782 1.07035 1.04312 1.0208 1.01173 1.00972 1.0083 1.00833 1.01001 1.01266 1.01146 1.00457 1.00181 1.00433 1.00486 1.00474 1.00836 1.00928 1.01596 1.0248 1.03893 1.06268 1.08986 1.12011 1.16052 1.20655 1.25477 1.26696 1.27243 1.28284 1.29972 1.30864 1.33068 1.35141 1.35232 1.32965 1.32603 1.337 1.31853 1.32162 1.31599 1.35062 1.30321
0.9488 0.949703 0.950677 0.953357 0.954959 0.958349 0.961382 0.965923 0.971496 0.975992 0.981367 0.991512 1.00462 1.01141 1.01663 1.02697 1.02429 1.03122 1.02846 1.03043 1.03857 1.04431 1.05132 1.0397 1.02071 1.00414 0.996956 0.996495 0.997211 1.00043 1.00452 1.00579 1.00245 1.00237 1.0044 1.00563 1.0059 1.00709 1.00962 1.01624 1.0256 1.03598 1.05105 1.06786 1.09151 1.11935 1.14782 1.19026 1.19468 1.19105 1.20061 1.20093 1.20849 1.23972 1.2837 1.27455 1.25844 1.23102 1.21974 1.20662 1.20295 1.20931 1.23444 1.24394
0.945131 0.945607 0.946408 0.946473 0.946303 0.945991 0.946721 0.948854 0.951651 0.954229 0.959051 0.967209 0.973711 0.974222 0.984365 0.984527 0.989777 0.992576 0.994728 0.999423 1.00321 1.01122 1.01832 1.01518 1.00881 0.993719 0.986094 0.986636 0.988819 0.992558 0.999091 1.00373 1.00457 1.00402 1.00555 1.00766 1.01002 1.01012 1.01338 1.01894 1.02612 1.03345 1.04178 1.05262 1.06503 1.07746 1.09357 1.11699 1.12017 1.12651 1.13688 1.13356 1.14024 1.16028 1.19072 1.19303 1.20219 1.1738 1.15717 1.13736 1.12791 1.13273 1.14336 1.15608
0.942804 0.942447 0.942918 0.94205 0.942081 0.940507 0.940192 0.941005 0.941752 0.942771 0.945039 0.949763 0.951743 0.953523 0.956175 0.958774 0.963885 0.964023 0.966762 0.974311 0.982564 0.988001 0.991152 0.994915 0.992061 0.983096 0.977903 0.979043 0.983196 0.989868 0.998937 1.00423 1.00501 1.00523 1.00863 1.01268 1.01365 1.01439 1.01791 1.02182 1.02753 1.03404 1.03808 1.04245 1.04504 1.04962 1.05955 1.07081 1.07705 1.08466 1.08842 1.08942 1.09523 1.10982 1.13206 1.14898 1.15011 1.12676 1.11511 1.1001 1.09035 1.09411 1.10523 1.12036
0.940972 0.940462 0.94126 0.940612 0.940296 0.939428 0.939125 0.939566 0.939845 0.939879 0.940892 0.942838 0.944626 0.945675 0.94695 0.94834 0.95119 0.952052 0.955903 0.965087 0.966404 0.967734 0.976302 0.979993 0.977508 0.978478 0.973456 0.973643 0.979785 0.989439 0.997697 1.00223 1.00375 1.00579 1.01031 1.015 1.01712 1.01876 1.02287 1.02666 1.03052 1.0358 1.03941 1.04377 1.04762 1.05153 1.05884 1.06445 1.06901 1.07276 1.07701 1.08153 1.08534 1.09095 1.10391 1.12184 1.11782 1.09825 1.08643 1.07841 1.07757 1.08221 1.08892 1.09984
0.939977 0.939941 0.939945 0.939266 0.939075 0.938333 0.937787 0.93774 0.938139 0.937962 0.939811 0.941005 0.941174 0.941666 0.941028 0.94221 0.942815 0.944234 0.948632 0.950321 0.948739 0.953473 0.957542 0.956375 0.954021 0.964451 0.965494 0.968264 0.977358 0.986778 0.992838 0.997889 1.00305 1.00712 1.011 1.01481 1.01758 1.02149 1.0239 1.02721 1.03101 1.0362 1.04175 1.04419 1.04839 1.05499 1.05929 1.06178 1.06391 1.06599 1.07047 1.0752 1.07602 1.07797 1.08575 1.09166 1.08175 1.07559 1.0728 1.07101 1.07289 1.07424 1.07492 1.08381
0.938132 0.939351 0.938556 0.937388 0.936804 0.93627 0.935005 0.935386 0.936191 0.936301 0.938454 0.939027 0.939232 0.939508 0.939545 0.940833 0.939902 0.942512 0.944126 0.941979 0.942588 0.944617 0.946217 0.939247 0.942825 0.951391 0.95676 0.965036 0.976739 0.989817 1.00022 1.01281 1.01934 1.02715 1.02692 1.02241 1.02365 1.02793 1.02959 1.03019 1.0318 1.03419 1.03813 1.0405 1.04634 1.05433 1.06069 1.06017 1.06049 1.06512 1.06854 1.07002 1.06872 1.06873 1.06989 1.06481 1.06117 1.06259 1.06417 1.06652 1.0693 1.06674 1.06194 1.06467
0.937788 0.937964 0.937239 0.937094 0.936661 0.935288 0.934163 0.933725 0.934372 0.935214 0.93688 0.938287 0.938025 0.938034 0.938202 0.939447 0.939033 0.940898 0.939506 0.93852 0.936983 0.938425 0.934925 0.936036 0.945522 0.959926 0.9732 0.984751 0.998432 1.01495 1.02677 1.04116 1.06323 1.07237 1.05967 1.04543 1.04376 1.05353 1.05633 1.04748 1.05367 1.05497 1.04922 1.04552 1.04641 1.05288 1.05665 1.05778 1.0587 1.06205 1.06853 1.06827 1.06461 1.06223 1.05973 1.05507 1.05497 1.05684 1.06102 1.06456 1.06774 1.06047 1.05254 1.04336
0.936105 0.93675 0.935798 0.935553 0.935027 0.93434 0.933099 0.932701 0.933632 0.935016 0.936186 0.937119 0.936935 0.937332 0.937723 0.937754 0.936245 0.934609 0.933972 0.933423 0.931161 0.93048 0.934633 0.941673 0.945066 0.953493 0.966837 0.985661 1.00259 1.01779 1.01223 1.02269 1.05614 1.07834 1.07686 1.0666 1.07908 1.09428 1.08771 1.07207 1.09446 1.08161 1.06844 1.05568 1.05396 1.05754 1.06171 1.06113 1.06116 1.06332 1.06801 1.07018 1.06814 1.06602 1.06627 1.06319 1.06508 1.06386 1.06472 1.06738 1.06906 1.06137 1.05156 1.04246
0.934602 0.935024 0.933714 0.933705 0.933835 0.933396 0.932957 0.931865 0.932745 0.934185 0.935087 0.935846 0.936871 0.938684 0.939214 0.938566 0.935733 0.935028 0.932573 0.93137 0.932284 0.933992 0.93695 0.938904 0.941575 0.94612 0.957059 0.967923 0.980119 0.991492 0.986349 1.00077 1.02802 1.03486 1.03408 1.0572 1.09377 1.09479 1.0949 1.10947 1.11312 1.0988 1.0874 1.07431 1.0754 1.07198 1.07717 1.07221 1.07321 1.08006 1.07871 1.07898 1.07846 1.07836 1.0779 1.07854 1.08301 1.08 1.07537 1.0739 1.07476 1.06554 1.0556 1.04621
0.933908 0.934102 0.933393 0.932884 0.932538 0.932102 0.931769 0.93157 0.931814 0.9328 0.934515 0.934988 0.936805 0.938714 0.938338 0.938381 0.935262 0.93382 0.932948 0.934484 0.936937 0.936289 0.937965 0.939141 0.938506 0.943796 0.94896 0.958696 0.97073 0.979488 0.968818 0.983089 1.00133 0.998265 1.00075 1.03306 1.0527 1.05158 1.08278 1.10269 1.081 1.11233 1.13539 1.12904 1.12546 1.10292 1.10469 1.0949 1.10846 1.12816 1.10474 1.10606 1.09726 1.1005 1.0961 1.09698 1.09884 1.09167 1.08685 1.08405 1.08618 1.07782 1.06697 1.05233
0.933173 0.933168 0.932824 0.93264 0.931886 0.931107 0.930562 0.930876 0.931196 0.931961 0.933174 0.93403 0.936296 0.938186 0.938352 0.937486 0.934713 0.933454 0.933484 0.933364 0.934459 0.934933 0.936913 0.935916 0.934745 0.936807 0.943137 0.949916 0.955969 0.957514 0.950282 0.963033 0.973368 0.969293 0.982925 1 1.01188 1.02237 1.0536 1.05154 1.04831 1.09169 1.11566 1.11881 1.11748 1.13002 1.14364 1.13968 1.15562 1.16598 1.13627 1.13714 1.13732 1.14012 1.11969 1.11925 1.11864 1.10328 1.09726 1.09399 1.09533 1.08903 1.0784 1.05906
0.9314 0.931607 0.931408 0.93124 0.930997 0.930952 0.931196 0.930622 0.930756 0.931446 0.932317 0.933301 0.93427 0.935825 0.935264 0.934481 0.933733 0.934855 0.93477 0.933146 0.932553 0.931069 0.931217 0.930961 0.93305 0.937178 0.940977 0.942469 0.94365 0.938727 0.937435 0.942553 0.945022 0.951534 0.963173 0.980213 0.993347 1.00287 1.03229 1.02178 1.03494 1.06625 1.06358 1.06467 1.07622 1.09449 1.10703 1.12227 1.12197 1.12257 1.1194 1.13368 1.15399 1.15613 1.13899 1.13392 1.12289 1.11255 1.10958 1.1024 1.09707 1.09416 1.08073 1.06442
0.929769 0.930542 0.93035 0.930018 0.930188 0.93076 0.930685 0.930009 0.929292 0.929074 0.930192 0.93144 0.932191 0.932652 0.932361 0.931589 0.932783 0.933703 0.932106 0.931321 0.930999 0.930201 0.930526 0.930809 0.931532 0.933097 0.934641 0.937047 0.937985 0.934552 0.936834 0.939011 0.941782 0.944954 0.956579 0.96986 0.969609 0.987826 1.00414 0.992962 1.01197 1.02557 1.028 1.03279 1.04294 1.05993 1.0845 1.09186 1.07971 1.07816 1.09324 1.11774 1.14013 1.15156 1.13659 1.11964 1.11763 1.11575 1.10995 1.09829 1.09157 1.09296 1.08211 1.06847
