Data/Param_a.asc
ncols         679
nrows         333
xllcorner     90.5472
yllcorner     32.43537
cellsize      0.01
NODATA_value  -9999
[rows 56 to 83 of 333, columns 384 to 447 of 679]
0.921277 0.91979 0.918973 0.919513 0.919716 0.920251 0.921135 0.922322 0.924041 0.925516 0.92749 0.929836 0.9317 0.935513 0.939254 0.939154 0.939815 0.942108 0.943447 0.945371 0.944944 0.945564 0.944444 0.944508 0.946562 0.947084 0.94951 0.951541 0.953649 0.960506 0.95821 0.946809 0.948247 0.959673 0.954808 0.950555 0.95302 0.951712 0.940265 0.934063 0.929806 0.925709 0.923102 0.92289 0.928332 0.935061 0.938746 0.942062 0.945288 0.944394 0.948014 0.956758 0.965694 0.978342 0.978734 0.971097 0.967474 0.966576 0.966615 0.962961 0.958465 0.954204 0.951266 0.949208
0.923613 0.920831 0.920377 0.920982 0.92131 0.921682 0.924079 0.924663 0.925829 0.928108 0.929024 0.929883 0.930937 0.932685 0.934716 0.938501 0.94271 0.942312 0.941618 0.942162 0.939243 0.937727 0.934301 0.936393 0.937301 0.93818 0.940203 0.945632 0.952322 0.952285 0.947572 0.93993 0.943315 0.947273 0.943302 0.94127 0.950285 0.955138 0.942989 0.933055 0.929846 0.925415 0.921575 0.9245 0.92909 0.932705 0.937471 0.942153 0.944903 0.947411 0.949931 0.953286 0.955727 0.967917 0.973708 0.975965 0.9767 0.979909 0.973912 0.967785 0.961389 0.957078 0.953216 0.950155
0.925186 0.921488 0.921296 0.922069 0.922714 0.923016 0.925837 0.928025 0.929664 0.931989 0.932991 0.933422 0.934254 0.935153 0.936414 0.938837 0.937038 0.933476 0.932934 0.931777 0.931346 0.930815 0.931576 0.933886 0.93408 0.935211 0.936757 0.940103 0.943096 0.942222 0.938776 0.934854 0.941853 0.938243 0.934737 0.939536 0.948273 0.94804 0.939302 0.931136 0.929248 0.926472 0.921284 0.923372 0.926294 0.928079 0.932429 0.933642 0.932745 0.937405 0.944097 0.948251 0.952535 0.966902 0.976488 0.980668 0.978453 0.982782 0.980905 0.972237 0.963261 0.958522 0.954135 0.952154
0.92389 0.922174 0.921428 0.92197 0.923426 0.92459 0.92622 0.928678 0.931175 0.935546 0.938828 0.93931 0.939129 0.937269 0.932778 0.931144 0.92896 0.928293 0.928689 0.930388 0.93094 0.931336 0.932524 0.937104 0.940786 0.94301 0.942277 0.938828 0.933599 0.932604 0.931168 0.928168 0.932932 0.931915 0.936234 0.941679 0.94006 0.93467 0.931576 0.927891 0.924473 0.923046 0.921103 0.921802 0.923348 0.924879 0.9274 0.929945 0.93072 0.933002 0.938519 0.944048 0.95089 0.966145 0.969673 0.97013 0.968068 0.965979 0.975219 0.97768 0.973319 0.963915 0.959947 0.95713
0.922457 0.922759 0.923788 0.92371 0.923741 0.925439 0.929413 0.933532 0.934395 0.937105 0.940226 0.938089 0.9335 0.93075 0.927859 0.927673 0.929065 0.931435 0.933498 0.935197 0.939794 0.939924 0.939385 0.937824 0.938173 0.940552 0.944309 0.943893 0.933476 0.928376 0.928161 0.922477 0.922166 0.930053 0.939674 0.938146 0.93955 0.93192 0.926591 0.92714 0.924454 0.920765 0.919472 0.920153 0.921725 0.924692 0.928099 0.929056 0.930885 0.93334 0.936694 0.941134 0.948749 0.954709 0.95065 0.949608 0.950716 0.9611 0.964831 0.964842 0.973538 0.973282 0.975466 0.964586
0.922057 0.922467 0.923808 0.924293 0.92632 0.929812 0.933886 0.938436 0.939838 0.940915 0.939324 0.933599 0.928489 0.926574 0.92691 0.931499 0.938151 0.939146 0.939804 0.941905 0.944777 0.941595 0.939358 0.942854 0.943096 0.940192 0.940272 0.938282 0.929103 0.922971 0.920056 0.919164 0.92727 0.935012 0.932482 0.932601 0.938962 0.932725 0.923397 0.922403 0.9211 0.918748 0.918456 0.919025 0.920136 0.921493 0.924624 0.928229 0.930528 0.934489 0.940381 0.943292 0.943795 0.941686 0.939709 0.938828 0.938744 0.94665 0.953558 0.948586 0.952976 0.960617 0.977833 0.977275
0.9224 0.92286 0.92352 0.924419 0.925403 0.927133 0.930049 0.933764 0.933979 0.935563 0.934262 0.929066 0.926332 0.926892 0.931741 0.937629 0.941088 0.941811 0.941873 0.943941 0.94494 0.939939 0.933669 0.937027 0.938515 0.937979 0.935701 0.932013 0.922706 0.918155 0.913636 0.922205 0.93103 0.92763 0.925972 0.92988 0.930617 0.930675 0.921283 0.918249 0.918116 0.918221 0.917962 0.918341 0.919812 0.92048 0.923348 0.929246 0.933487 0.936135 0.942173 0.942672 0.93853 0.93533 0.935802 0.935119 0.934582 0.93843 0.937282 0.935997 0.939875 0.943374 0.957585 0.972602
0.922806 0.922945 0.923101 0.923887 0.924042 0.924377 0.925632 0.92841 0.929228 0.931472 0.931955 0.927658 0.926755 0.928296 0.934182 0.936601 0.935338 0.934625 0.933713 0.934775 0.936836 0.937195 0.93414 0.93753 0.931956 0.929646 0.933843 0.92953 0.920644 0.915052 0.914418 0.922844 0.922281 0.919932 0.92407 0.926112 0.92143 0.920764 0.918244 0.915592 0.916785 0.918228 0.919963 0.92056 0.919997 0.919586 0.920865 0.926434 0.931621 0.931813 0.934052 0.935667 0.934463 0.93193 0.932386 0.932495 0.934441 0.938923 0.934363 0.931059 0.932845 0.938092 0.944948 0.957766
0.922465 0.922412 0.922609 0.922896 0.922595 0.922585 0.923645 0.925104 0.927505 0.929465 0.929207 0.926443 0.926482 0.926659 0.928022 0.927267 0.926802 0.926151 0.925637 0.92803 0.931459 0.932912 0.931876 0.931548 0.926446 0.927584 0.93225 0.928266 0.921761 0.915364 0.915708 0.918151 0.916851 0.917149 0.918777 0.917918 0.916381 0.915436 0.915704 0.916768 0.918785 0.922357 0.92752 0.931702 0.928491 0.924433 0.920961 0.921738 0.923642 0.925392 0.928095 0.929383 0.928947 0.929167 0.930771 0.931757 0.933914 0.935924 0.932479 0.929539 0.931165 0.934277 0.939496 0.950302
0.922734 0.922858 0.922744 0.922192 0.921849 0.922152 0.923106 0.923811 0.9249 0.926268 0.926516 0.925458 0.92582 0.92485 0.92402 0.923281 0.923034 0.923266 0.925064 0.928124 0.928818 0.928808 0.925709 0.924799 0.922962 0.922778 0.922685 0.919307 0.916996 0.91538 0.91544 0.915258 0.915172 0.915983 0.91626 0.916184 0.91644 0.917393 0.919174 0.921216 0.925507 0.928967 0.935969 0.941637 0.935542 0.92957 0.924174 0.922081 0.921989 0.921216 0.922491 0.923951 0.925284 0.926859 0.930224 0.9347 0.934308 0.932843 0.929869 0.929589 0.930813 0.933175 0.93708 0.940112
0.922124 0.922456 0.922108 0.922064 0.921525 0.921498 0.921963 0.922645 0.923813 0.924834 0.92475 0.924903 0.925379 0.924558 0.923808 0.923303 0.922778 0.923147 0.923121 0.922816 0.923046 0.922873 0.922608 0.921901 0.920678 0.920174 0.918199 0.916358 0.915641 0.916035 0.915931 0.915939 0.916181 0.917063 0.917588 0.917857 0.91964 0.922197 0.925281 0.928087 0.933592 0.938003 0.938237 0.941246 0.940862 0.938754 0.931197 0.925902 0.924526 0.921256 0.919763 0.921125 0.925041 0.927401 0.929376 0.930912 0.930651 0.930929 0.927588 0.927893 0.930594 0.932895 0.933835 0.937358
0.921415 0.921674 0.920861 0.920629 0.920262 0.920288 0.920288 0.920858 0.922784 0.924176 0.92415 0.923741 0.922871 0.922637 0.922564 0.922624 0.922323 0.92137 0.920918 0.92011 0.920163 0.920293 0.920712 0.920389 0.919137 0.918431 0.917217 0.915976 0.916062 0.91569 0.915265 0.915687 0.92159 0.926885 0.925598 0.922487 0.921668 0.924222 0.927002 0.931172 0.9367 0.942073 0.942429 0.940999 0.941881 0.939445 0.933943 0.930612 0.926606 0.923456 0.919273 0.921244 0.927571 0.93259 0.931967 0.929039 0.927421 0.926083 0.925169 0.926102 0.927388 0.92907 0.934157 0.938493
0.919707 0.920277 0.919759 0.918965 0.918629 0.918172 0.918656 0.919616 0.920764 0.921955 0.921956 0.921784 0.921531 0.923023 0.922492 0.923486 0.923202 0.920068 0.919194 0.918594 0.917765 0.917739 0.917824 0.917668 0.916872 0.916122 0.915905 0.916086 0.915646 0.914988 0.914881 0.915661 0.922437 0.92933 0.930455 0.926021 0.92433 0.92691 0.926661 0.929416 0.932697 0.935282 0.934843 0.933311 0.932995 0.933821 0.935936 0.934231 0.932128 0.927866 0.920944 0.920048 0.923477 0.928626 0.933675 0.932828 0.928647 0.923879 0.924103 0.928009 0.929985 0.929754 0.931761 0.933692
0.918528 0.91892 0.918052 0.918073 0.917812 0.917765 0.91857 0.918826 0.919787 0.920153 0.919974 0.919901 0.919735 0.920296 0.922124 0.925435 0.925782 0.922943 0.920411 0.919242 0.917696 0.917653 0.916126 0.915546 0.915295 0.915479 0.91742 0.918119 0.916055 0.91411 0.914076 0.914432 0.916967 0.922116 0.923789 0.923054 0.925546 0.928138 0.928494 0.929894 0.929616 0.9278 0.927108 0.924927 0.926784 0.930984 0.931985 0.932038 0.928727 0.924282 0.919532 0.922079 0.924836 0.925489 0.929957 0.932314 0.930548 0.92513 0.922812 0.927782 0.932083 0.933898 0.932658 0.929864
0.918368 0.918734 0.918269 0.918662 0.918336 0.918171 0.918523 0.918045 0.918757 0.919505 0.91958 0.918707 0.917725 0.917069 0.916998 0.917085 0.918628 0.920309 0.92307 0.924142 0.922991 0.921498 0.917375 0.915327 0.914959 0.913908 0.91509 0.919283 0.920111 0.916579 0.91474 0.914564 0.914856 0.916004 0.9182 0.920379 0.923154 0.925872 0.926423 0.924677 0.924152 0.922795 0.920238 0.920865 0.924018 0.925782 0.92502 0.926117 0.922176 0.919166 0.920381 0.925339 0.929008 0.927129 0.924573 0.926345 0.930398 0.929062 0.922486 0.923168 0.926085 0.931141 0.933675 0.927847
0.915679 0.916292 0.916195 0.91607 0.915671 0.915816 0.916295 0.916402 0.917523 0.917176 0.916331 0.916052 0.91557 0.914693 0.914164 0.913654 0.912827 0.913541 0.915409 0.91999 0.924123 0.924087 0.920463 0.917769 0.917227 0.914229 0.914333 0.919051 0.923096 0.920756 0.916139 0.914813 0.913146 0.913135 0.914543 0.915693 0.916903 0.918628 0.917518 0.916004 0.916936 0.917348 0.916137 0.917528 0.91823 0.918071 0.918491 0.918503 0.918027 0.917515 0.920059 0.924141 0.927239 0.926903 0.922558 0.923497 0.927195 0.926946 0.921451 0.921111 0.925653 0.928679 0.928937 0.925704
0.911905 0.912003 0.911894 0.912657 0.912468 0.912779 0.913555 0.913662 0.914145 0.914156 0.913997 0.914218 0.913868 0.913003 0.912784 0.913078 0.912404 0.912805 0.913698 0.916064 0.918883 0.922675 0.925596 0.923414 0.920241 0.915077 0.913463 0.919206 0.922691 0.923787 0.919357 0.916704 0.912425 0.911093 0.912206 0.914018 0.915565 0.91491 0.915572 0.914823 0.913747 0.913946 0.9142 0.913998 0.914679 0.915095 0.914773 0.915297 0.917488 0.916453 0.918472 0.922238 0.923873 0.922912 0.922406 0.921372 0.920394 0.921342 0.921465 0.921507 0.924066 0.92715 0.923702 0.92538
0.908885 0.909493 0.909497 0.910645 0.910367 0.910744 0.911892 0.912063 0.911323 0.911775 0.911907 0.912329 0.9121 0.911952 0.911705 0.91162 0.911654 0.91271 0.914339 0.916898 0.918048 0.918557 0.920748 0.92232 0.920678 0.914612 0.912242 0.915663 0.918037 0.921053 0.921753 0.920035 0.914027 0.91046 0.910521 0.912043 0.914275 0.916013 0.916386 0.916655 0.915348 0.913465 0.91291 0.912806 0.913727 0.914287 0.913965 0.914279 0.913079 0.914372 0.916338 0.919556 0.920728 0.919866 0.92058 0.919591 0.919368 0.921017 0.921452 0.922904 0.923007 0.922991 0.925215 0.927404
0.908245 0.906929 0.907706 0.908678 0.908413 0.908817 0.909647 0.911451 0.909656 0.91049 0.910426 0.910489 0.910426 0.91074 0.910399 0.910913 0.911346 0.912353 0.91277 0.913874 0.914586 0.917088 0.919427 0.92073 0.918027 0.912725 0.910706 0.91175 0.911797 0.912419 0.91496 0.913988 0.910807 0.908172 0.908004 0.909191 0.910698 0.91257 0.91408 0.915122 0.916431 0.915281 0.912536 0.911449 0.911792 0.91151 0.911307 0.911976 0.911583 0.912961 0.91414 0.91601 0.918315 0.918036 0.918161 0.919662 0.92288 0.925289 0.92574 0.927286 0.927239 0.925897 0.92866 0.931647
0.907192 0.904579 0.910419 0.910192 0.905827 0.906919 0.909561 0.911413 0.909486 0.908486 0.908474 0.908677 0.909846 0.91081 0.910468 0.910903 0.911708 0.912995 0.912158 0.912479 0.912859 0.916602 0.918456 0.918511 0.913438 0.909786 0.908662 0.911108 0.912859 0.909969 0.908114 0.907253 0.907352 0.906171 0.90726 0.908526 0.908468 0.908802 0.911524 0.914724 0.917391 0.916419 0.913329 0.911031 0.910546 0.9102 0.909977 0.909965 0.911473 0.912833 0.913648 0.914655 0.916472 0.920248 0.922354 0.924507 0.931669 0.933161 0.935359 0.939948 0.938946 0.934901 0.935338 0.939262
0.901862 0.903161 0.911769 0.906625 0.902592 0.905108 0.915229 0.920104 0.91124 0.90591 0.905609 0.90655 0.909249 0.909663 0.90904 0.908607 0.909406 0.911276 0.910773 0.909966 0.909482 0.910698 0.91248 0.910286 0.909306 0.91057 0.908813 0.908495 0.914129 0.912791 0.911487 0.909367 0.906284 0.90575 0.907972 0.910833 0.909677 0.907033 0.908631 0.910931 0.91259 0.913891 0.912404 0.911071 0.909424 0.908775 0.908703 0.909647 0.911355 0.912341 0.914429 0.915939 0.918526 0.925807 0.928057 0.926944 0.933699 0.939199 0.940505 0.942499 0.948455 0.946183 0.943801 0.944706
0.902142 0.907639 0.909959 0.903952 0.899521 0.900563 0.910754 0.918971 0.908592 0.903137 0.902838 0.905622 0.911358 0.912997 0.911254 0.909391 0.90813 0.908392 0.907811 0.907592 0.908806 0.910411 0.912272 0.911524 0.90913 0.912341 0.911014 0.907717 0.911645 0.91345 0.913051 0.910026 0.904551 0.902959 0.904171 0.905412 0.905505 0.90513 0.905919 0.908259 0.910856 0.911923 0.910807 0.912153 0.910647 0.909078 0.90912 0.909773 0.911671 0.91351 0.914386 0.915576 0.918531 0.92424 0.929261 0.92936 0.929554 0.935051 0.941684 0.943341 0.941837 0.941911 0.945542 0.947083
0.900702 0.910899 0.912646 0.909229 0.900272 0.896836 0.904662 0.910533 0.901716 0.900117 0.90036 0.902039 0.908447 0.914845 0.915471 0.911464 0.908477 0.908068 0.906341 0.905692 0.906202 0.911224 0.915115 0.911986 0.90817 0.911398 0.911064 0.908489 0.90759 0.913611 0.915814 0.91057 0.903886 0.902257 0.902881 0.904465 0.905028 0.904788 0.904657 0.906313 0.908425 0.908635 0.908398 0.90929 0.909279 0.909913 0.911817 0.912462 0.914836 0.916314 0.917668 0.919572 0.919874 0.923115 0.925274 0.926874 0.928817 0.931991 0.936666 0.93921 0.935071 0.931158 0.935681 0.938325
0.902903 0.910556 0.924533 0.919514 0.903081 0.895307 0.903425 0.912349 0.905699 0.901314 0.898634 0.898719 0.903416 0.915376 0.922962 0.916917 0.910017 0.910026 0.908003 0.904509 0.903239 0.905301 0.909714 0.908721 0.905282 0.909015 0.912253 0.908411 0.905064 0.911042 0.91436 0.908745 0.904494 0.902926 0.902604 0.904386 0.908677 0.907139 0.905379 0.905 0.906266 0.908086 0.908277 0.90807 0.90957 0.914871 0.917949 0.919881 0.921516 0.921822 0.925063 0.927588 0.921243 0.919487 0.922752 0.925533 0.929306 0.932465 0.935235 0.935576 0.932759 0.927218 0.92593 0.927824
0.910201 0.912851 0.933416 0.924841 0.906116 0.89766 0.913104 0.930751 0.919213 0.906666 0.898436 0.897505 0.89872 0.907771 0.923878 0.932902 0.9229 0.917659 0.90769 0.902101 0.902723 0.904252 0.905343 0.905185 0.903403 0.9039 0.907203 0.905745 0.904743 0.91033 0.912498 0.911313 0.905234 0.90421 0.901677 0.902372 0.909555 0.909814 0.907156 0.906033 0.907905 0.908738 0.907996 0.907679 0.908552 0.911957 0.915332 0.920062 0.924021 0.928533 0.930293 0.927962 0.918672 0.920689 0.924275 0.927323 0.930559 0.932071 0.93225 0.933488 0.933743 0.92915 0.922981 0.930861
0.91903 0.922765 0.915442 0.904429 0.899709 0.899629 0.916935 0.936461 0.924651 0.909061 0.898523 0.896955 0.900255 0.90384 0.914812 0.93169 0.936348 0.92974 0.911946 0.904315 0.911203 0.910501 0.910207 0.910001 0.904651 0.902276 0.902405 0.901009 0.9009 0.906679 0.910836 0.909884 0.905536 0.907724 0.90171 0.904305 0.912709 0.914511 0.909907 0.909187 0.907393 0.90727 0.908759 0.907223 0.906902 0.907552 0.910162 0.913197 0.917465 0.925809 0.928077 0.922779 0.913873 0.917635 0.926172 0.932912 0.932832 0.926883 0.923773 0.924637 0.926501 0.923448 0.922449 0.932786
0.951231 0.935785 0.919515 0.913707 0.917751 0.913669 0.919756 0.921304 0.913843 0.90147 0.897411 0.901195 0.916302 0.918688 0.93071 0.938256 0.926875 0.914432 0.90533 0.912104 0.930279 0.923884 0.924267 0.917485 0.911942 0.908951 0.905702 0.90206 0.898972 0.899793 0.900553 0.901009 0.89929 0.900942 0.89757 0.903613 0.918284 0.918345 0.914136 0.913245 0.906262 0.908456 0.911083 0.90878 0.909516 0.908633 0.906864 0.908426 0.913696 0.918153 0.91703 0.916596 0.911296 0.909686 0.914234 0.921368 0.930918 0.926114 0.919107 0.917846 0.916398 0.917322 0.923324 0.926074
0.975036 0.951977 0.94734 0.943424 0.949008 0.939164 0.931704 0.916691 0.908063 0.9016 0.897868 0.903041 0.926541 0.941497 0.956973 0.95276 0.932332 0.919246 0.914051 0.921857 0.935865 0.945032 0.946264 0.930621 0.925883 0.918124 0.914659 0.910084 0.904251 0.903481 0.900305 0.895919 0.893667 0.893516 0.894961 0.899061 0.912996 0.923855 0.919916 0.913243 0.906679 0.912429 0.914225 0.910862 0.90964 0.908306 0.906462 0.904648 0.905744 0.90906 0.90904 0.910334 0.908707 0.905548 0.90674 0.909432 0.917696 0.91708 0.913281 0.910356 0.911512 0.917552 0.917512 0.916263
