Data/Param_a.asc
ncols         679
nrows         333
xllcorner     90.5472
yllcorner     32.43537
cellsize      0.01
NODATA_value  -9999
[rows 252 to 279 of 333, columns 384 to 447 of 679]
0.888576 0.887868 0.895464 0.886867 0.880607 0.870344 0.863991 0.865308 0.863985 0.861011 0.86292 0.866115 0.87295 0.884108 0.908854 0.926755 0.937699 0.93619 0.904553 0.878486 0.869735 0.870798 0.873038 0.878365 0.883414 0.88367 0.884267 0.891686 0.891793 0.885727 0.886299 0.883721 0.878866 0.877595 0.881021 0.878288 0.873506 0.872625 0.875888 0.881609 0.886015 0.896792 0.902331 0.892588 0.88962 0.892826 0.897679 0.893539 0.874275 0.877 0.900838 0.891481 0.894935 0.90251 0.897115 0.888379 0.905658 0.9126 0.925048 0.916546 0.913781 0.903973 0.910983 0.929553
0.901684 0.903251 0.90517 0.893571 0.883685 0.875293 0.866553 0.862623 0.861633 0.861715 0.863375 0.862851 0.864976 0.871989 0.890924 0.899875 0.890107 0.889368 0.894987 0.884381 0.86991 0.868585 0.873003 0.879973 0.881853 0.879596 0.882478 0.886912 0.885647 0.881797 0.881561 0.879468 0.874099 0.874193 0.880317 0.885221 0.886344 0.877757 0.872111 0.874517 0.884327 0.908419 0.907968 0.88431 0.879585 0.884778 0.876009 0.872604 0.867012 0.868314 0.875764 0.877637 0.887845 0.886953 0.878367 0.877038 0.891125 0.895822 0.892837 0.892696 0.888656 0.895159 0.913043 0.926477
0.904209 0.912287 0.916751 0.893225 0.8838 0.882273 0.876782 0.869208 0.863057 0.861271 0.860127 0.860113 0.857682 0.857403 0.861404 0.869037 0.873862 0.874404 0.874072 0.879367 0.875902 0.86794 0.872511 0.879483 0.878715 0.87856 0.883746 0.885047 0.88565 0.882032 0.877617 0.876262 0.872562 0.87504 0.881243 0.890623 0.894993 0.883317 0.871852 0.87307 0.883004 0.896099 0.905545 0.884467 0.871493 0.872837 0.867491 0.862309 0.859877 0.863221 0.866407 0.874469 0.880286 0.87314 0.866873 0.874425 0.881167 0.884901 0.88087 0.877267 0.878192 0.889687 0.900811 0.906665
0.899559 0.908276 0.905752 0.904839 0.908165 0.921176 0.912153 0.893987 0.884932 0.876973 0.863384 0.857046 0.854521 0.852211 0.850631 0.851675 0.855834 0.860624 0.861637 0.865373 0.868259 0.867036 0.871792 0.877758 0.876148 0.877046 0.882468 0.884123 0.88802 0.88498 0.876629 0.870568 0.874017 0.884152 0.889318 0.891408 0.884473 0.878325 0.873496 0.871359 0.871292 0.877424 0.884929 0.881136 0.868235 0.869038 0.861978 0.859872 0.868391 0.869486 0.865542 0.867817 0.871385 0.865454 0.864206 0.873706 0.873571 0.869272 0.869938 0.871274 0.877034 0.888861 0.908172 0.923229
0.882618 0.887782 0.889886 0.893661 0.915953 0.928564 0.901609 0.890407 0.889814 0.875376 0.872677 0.875984 0.873362 0.866753 0.861589 0.858276 0.859517 0.859704 0.870989 0.885962 0.889681 0.878972 0.872101 0.873499 0.874403 0.875113 0.879794 0.885817 0.889335 0.884565 0.877419 0.867837 0.868187 0.877881 0.889146 0.888723 0.885879 0.884356 0.883266 0.88237 0.872796 0.887189 0.894306 0.877898 0.868016 0.866347 0.85881 0.866421 0.870953 0.869677 0.868058 0.862505 0.860139 0.859644 0.863071 0.866913 0.869272 0.870385 0.888521 0.904275 0.900581 0.899774 0.903952 0.906987
0.872231 0.874785 0.876237 0.878506 0.887018 0.896443 0.894283 0.881612 0.871793 0.871595 0.894002 0.918866 0.926069 0.896136 0.875281 0.869516 0.867937 0.864179 0.872327 0.889948 0.903969 0.894638 0.879835 0.875278 0.8718 0.870432 0.872636 0.880013 0.88177 0.876684 0.872398 0.868977 0.8633 0.865413 0.868337 0.870266 0.874091 0.874438 0.869882 0.866927 0.863595 0.868497 0.877323 0.86914 0.863484 0.862646 0.862342 0.865218 0.866906 0.866844 0.863303 0.859393 0.859842 0.862072 0.865229 0.864459 0.86483 0.871873 0.893415 0.909167 0.924042 0.924156 0.910274 0.907157
0.869403 0.867321 0.866461 0.867335 0.869649 0.873515 0.885164 0.890929 0.874056 0.871909 0.887757 0.90566 0.93027 0.915207 0.88891 0.881745 0.875431 0.868411 0.869581 0.878299 0.895244 0.900086 0.89071 0.8854 0.87587 0.870394 0.869688 0.870317 0.869202 0.866629 0.864255 0.864185 0.861623 0.861371 0.858993 0.857692 0.859548 0.861661 0.861893 0.862461 0.863079 0.861454 0.862747 0.860725 0.859724 0.862601 0.866369 0.866262 0.873322 0.868649 0.863638 0.861894 0.863838 0.868324 0.865288 0.86158 0.8639 0.872097 0.882754 0.893249 0.902993 0.918194 0.907786 0.893975
0.87139 0.862133 0.860443 0.860392 0.859623 0.857737 0.863271 0.870959 0.872247 0.880016 0.8901 0.901285 0.929956 0.924498 0.907028 0.89514 0.882981 0.87739 0.872945 0.877014 0.890521 0.915067 0.908844 0.890408 0.877927 0.870974 0.874251 0.872004 0.86766 0.865669 0.864263 0.86244 0.858992 0.857328 0.856883 0.857252 0.857137 0.857184 0.861582 0.867781 0.869456 0.870939 0.875135 0.86851 0.863528 0.861669 0.860986 0.862173 0.867871 0.869983 0.876183 0.873102 0.870878 0.871485 0.865169 0.859734 0.864701 0.872981 0.883486 0.897658 0.910773 0.925233 0.917101 0.896644
0.871632 0.86422 0.859675 0.860397 0.858773 0.856227 0.856318 0.862843 0.873824 0.888105 0.902334 0.908151 0.912879 0.926743 0.927209 0.914044 0.899298 0.891938 0.876813 0.875669 0.882931 0.909602 0.935877 0.906936 0.880113 0.868066 0.873008 0.88295 0.877132 0.86887 0.866696 0.868921 0.868947 0.864402 0.861758 0.86298 0.859548 0.858684 0.874417 0.889824 0.890448 0.884529 0.899352 0.901733 0.887767 0.872647 0.871951 0.869057 0.863232 0.864972 0.875379 0.880933 0.876439 0.867495 0.862233 0.86002 0.865941 0.877457 0.892424 0.907676 0.922477 0.909996 0.901925 0.890868
0.867014 0.866647 0.864028 0.861911 0.860452 0.859173 0.862774 0.870919 0.88275 0.888428 0.891828 0.890067 0.890692 0.900698 0.911437 0.91339 0.910368 0.900558 0.88604 0.87968 0.873608 0.883929 0.917217 0.902994 0.871447 0.865881 0.874573 0.88676 0.882538 0.873061 0.873151 0.871965 0.872749 0.870432 0.867123 0.867246 0.863671 0.86108 0.878011 0.908544 0.918178 0.905364 0.923172 0.948393 0.917621 0.883832 0.896712 0.905392 0.886717 0.872665 0.864691 0.864901 0.86928 0.863132 0.863832 0.868788 0.875183 0.881389 0.899693 0.925012 0.926873 0.905176 0.894313 0.882335
0.870849 0.873812 0.875084 0.870098 0.868002 0.866653 0.866616 0.87401 0.885307 0.888496 0.882493 0.880419 0.877501 0.880152 0.880722 0.879251 0.879223 0.877727 0.879767 0.875376 0.865517 0.86335 0.869026 0.873982 0.867154 0.866901 0.882254 0.90272 0.88883 0.879384 0.890076 0.887582 0.876611 0.870426 0.867013 0.864405 0.860637 0.861884 0.876589 0.902395 0.932541 0.946814 0.965199 0.965316 0.917524 0.890652 0.9012 0.927387 0.909763 0.887034 0.870167 0.86015 0.865127 0.870518 0.878488 0.889073 0.901289 0.902186 0.903231 0.926992 0.931805 0.915831 0.896615 0.879336
0.875163 0.878524 0.879791 0.874567 0.874026 0.873502 0.87113 0.87284 0.877877 0.880791 0.878489 0.873257 0.869805 0.866202 0.863828 0.862711 0.862665 0.859648 0.860265 0.859854 0.855153 0.85402 0.858445 0.860058 0.868125 0.866147 0.878434 0.917181 0.899618 0.89215 0.908972 0.9056 0.886401 0.87559 0.870545 0.86701 0.861455 0.86255 0.877715 0.894383 0.917195 0.942868 0.962446 0.993281 0.955729 0.919098 0.916611 0.938383 0.915742 0.8827 0.863226 0.859438 0.875381 0.878187 0.878632 0.891375 0.902211 0.91419 0.916679 0.918573 0.922983 0.925065 0.899395 0.879469
0.883234 0.886354 0.884248 0.880462 0.880252 0.878649 0.875182 0.87504 0.876026 0.878199 0.8784 0.873154 0.866657 0.863914 0.859691 0.856714 0.85512 0.853619 0.852146 0.851311 0.850589 0.849707 0.854043 0.858682 0.869014 0.868344 0.871411 0.894978 0.913346 0.91754 0.941633 0.935374 0.909737 0.88247 0.880501 0.874843 0.865433 0.862849 0.874565 0.896726 0.918796 0.932647 0.954099 1.00587 1.00273 0.971878 0.933526 0.929593 0.922008 0.89372 0.864295 0.857723 0.863858 0.865732 0.864606 0.868958 0.880496 0.894199 0.904135 0.899753 0.905428 0.930341 0.926236 0.904115
0.889233 0.888489 0.883666 0.887918 0.885866 0.881841 0.879289 0.878568 0.879864 0.884256 0.883579 0.879622 0.871195 0.866179 0.861919 0.857723 0.856469 0.854292 0.852189 0.853846 0.854194 0.851501 0.856716 0.861992 0.869183 0.877012 0.878946 0.884322 0.91313 0.936395 0.964777 0.94375 0.905731 0.889726 0.89896 0.893953 0.8735 0.863898 0.868629 0.884524 0.905206 0.930628 0.941474 0.974427 0.99187 0.983997 0.977263 0.935153 0.900238 0.889966 0.881526 0.86601 0.859748 0.861061 0.867492 0.86506 0.864149 0.876976 0.888959 0.878653 0.885159 0.908166 0.923433 0.915609
0.890916 0.884159 0.887509 0.892642 0.888207 0.88594 0.883418 0.886884 0.891125 0.893299 0.889011 0.884891 0.873774 0.867416 0.864197 0.863611 0.865094 0.863178 0.85927 0.857622 0.856913 0.855545 0.868723 0.876351 0.870988 0.879769 0.894468 0.88608 0.90132 0.921396 0.933136 0.936523 0.908108 0.915514 0.924852 0.893248 0.882828 0.871061 0.87474 0.89161 0.893369 0.905129 0.912903 0.941542 0.945628 0.922552 0.960831 0.93593 0.900755 0.898768 0.897447 0.880252 0.863382 0.864484 0.880834 0.872097 0.860366 0.86821 0.870641 0.866619 0.87531 0.888925 0.898385 0.902366
0.888651 0.887374 0.895857 0.8948 0.891785 0.892703 0.892163 0.898426 0.909085 0.904554 0.897926 0.889478 0.8759 0.870211 0.872568 0.877584 0.877722 0.875448 0.870804 0.861973 0.856757 0.858227 0.864405 0.876839 0.888765 0.890583 0.905645 0.899867 0.901278 0.925587 0.959376 0.979508 0.945208 0.921161 0.906163 0.888132 0.867422 0.862062 0.884062 0.925821 0.922029 0.921634 0.912361 0.907281 0.898002 0.890693 0.912544 0.927853 0.897727 0.890289 0.878944 0.876641 0.862331 0.859473 0.877333 0.876496 0.859621 0.86238 0.865326 0.86766 0.871872 0.8762 0.887437 0.896274
0.889338 0.892124 0.903315 0.902414 0.901323 0.903546 0.900675 0.90712 0.917713 0.903417 0.894557 0.889842 0.878117 0.878969 0.892992 0.891485 0.876611 0.868888 0.864549 0.859173 0.861486 0.867918 0.867043 0.876137 0.903027 0.916673 0.915912 0.915292 0.905677 0.907429 0.935347 0.957652 0.920604 0.907857 0.887165 0.870891 0.859591 0.857242 0.880177 0.916762 0.953796 0.973267 0.947554 0.930342 0.901814 0.882936 0.878491 0.884081 0.87713 0.868241 0.862865 0.860505 0.857087 0.862513 0.880048 0.87905 0.862406 0.861451 0.866019 0.87665 0.889581 0.874685 0.873964 0.878904
0.892958 0.895723 0.91003 0.919497 0.921497 0.916354 0.915251 0.920634 0.92512 0.916996 0.909286 0.889719 0.884459 0.889172 0.896436 0.88955 0.878803 0.870039 0.864341 0.858074 0.864602 0.880195 0.880052 0.878302 0.89159 0.918122 0.935536 0.9315 0.909658 0.886593 0.887946 0.906017 0.886262 0.893389 0.888081 0.868539 0.854925 0.865215 0.891327 0.902917 0.929822 0.970597 0.961502 0.930281 0.907006 0.89193 0.872731 0.867082 0.864372 0.860948 0.862249 0.862082 0.856189 0.867908 0.884856 0.882698 0.8748 0.872577 0.873054 0.878462 0.895367 0.883911 0.882955 0.877596
0.898735 0.901251 0.92197 0.939923 0.939735 0.931369 0.928766 0.951053 0.9523 0.951491 0.921161 0.894825 0.913469 0.920068 0.903345 0.890728 0.890343 0.880767 0.86886 0.859274 0.864778 0.881899 0.901861 0.896024 0.89143 0.909033 0.93155 0.922658 0.905144 0.890408 0.877081 0.868509 0.864466 0.867831 0.866291 0.860605 0.86079 0.870081 0.884491 0.900835 0.921778 0.950697 0.956341 0.929429 0.920084 0.910037 0.889587 0.873712 0.868797 0.866281 0.866105 0.866787 0.858256 0.867821 0.886317 0.89225 0.883705 0.876261 0.865403 0.86888 0.892216 0.903087 0.905286 0.903376
0.910986 0.9147 0.967473 0.983991 0.975789 0.978053 0.957767 0.967037 0.964185 0.936028 0.905958 0.911329 0.944115 0.928502 0.913649 0.915298 0.909435 0.892678 0.869295 0.861014 0.871748 0.875349 0.890416 0.912817 0.910725 0.917188 0.905564 0.891387 0.88751 0.889348 0.889421 0.868859 0.855285 0.855303 0.856441 0.864379 0.875045 0.878215 0.881397 0.909862 0.941169 0.980528 0.980243 0.981382 0.952648 0.916789 0.906545 0.892876 0.882954 0.873913 0.866544 0.862873 0.859215 0.864855 0.870818 0.882683 0.878804 0.866245 0.866169 0.875245 0.902872 0.915674 0.927013 0.921239
0.941477 0.925438 0.988978 1.03763 1.03228 1.04037 1.01357 0.973873 0.940636 0.921543 0.914646 0.922236 0.957257 0.956763 0.937242 0.912589 0.895134 0.880919 0.867316 0.869723 0.884093 0.886128 0.886339 0.90204 0.912997 0.916169 0.902586 0.878598 0.868195 0.865563 0.867672 0.860114 0.854071 0.863098 0.871443 0.892443 0.917032 0.907799 0.88803 0.888451 0.902488 0.931118 0.94581 0.956826 0.960157 0.934174 0.899342 0.904193 0.893328 0.874274 0.874062 0.873581 0.865409 0.861803 0.864603 0.872199 0.872042 0.864758 0.866431 0.868662 0.888001 0.916068 0.901771 0.917372
0.961332 0.933404 0.961232 1.01168 1.04714 1.05937 1.04266 0.980523 0.933634 0.93738 0.952237 0.94116 0.967672 0.953686 0.925924 0.910177 0.910852 0.885414 0.871045 0.889312 0.901288 0.896626 0.893072 0.904927 0.900045 0.890654 0.888382 0.882857 0.878487 0.868788 0.857516 0.853213 0.858181 0.874937 0.890405 0.90519 0.943267 0.95094 0.915713 0.904187 0.903002 0.90633 0.926253 0.927108 0.927573 0.920684 0.894174 0.886648 0.88641 0.888921 0.904339 0.893202 0.875423 0.866333 0.862489 0.862274 0.858548 0.85221 0.852602 0.847469 0.856554 0.876313 0.866897 0.893981
0.95644 0.973325 0.987167 0.996902 1.05611 1.05076 1.01005 0.959013 0.954671 0.99375 0.990392 0.953731 0.940508 0.930986 0.941714 0.931612 0.907262 0.883399 0.888004 0.910782 0.926232 0.907149 0.902422 0.906576 0.896104 0.885598 0.882654 0.885183 0.893438 0.884851 0.864978 0.858049 0.869615 0.878722 0.901874 0.927767 0.971284 0.981079 0.93983 0.944052 0.957805 0.936908 0.912029 0.913738 0.903704 0.894156 0.88935 0.886443 0.888741 0.901237 0.93386 0.921113 0.891866 0.87602 0.865971 0.860749 0.855547 0.850249 0.849197 0.845163 0.851779 0.863101 0.858186 0.867811
0.96722 1.01574 1.03093 1.00244 1.06638 1.04909 0.985593 0.959345 0.994134 1.05462 1.02897 0.960545 0.947923 0.961318 0.967518 0.921273 0.898021 0.884562 0.913085 0.931359 0.924915 0.925534 0.928499 0.931396 0.91756 0.906846 0.892078 0.886206 0.882362 0.87694 0.868472 0.86215 0.869808 0.878302 0.887107 0.911305 0.972712 0.992753 0.96048 0.996489 1.01634 0.963504 0.931337 0.925408 0.907513 0.92068 0.92541 0.908424 0.903001 0.907533 0.926694 0.922676 0.916959 0.881602 0.863413 0.858379 0.855315 0.852077 0.849878 0.848399 0.849969 0.858236 0.863902 0.854796
1.00364 1.00513 1.0228 1.00847 1.05345 1.03414 0.983462 0.999504 1.00063 1.05021 1.02749 0.984191 1.02063 0.981698 0.960395 0.912717 0.898552 0.885791 0.902998 0.924716 0.914059 0.955803 0.965346 0.955351 0.929643 0.920128 0.931324 0.917887 0.899152 0.896043 0.883878 0.87057 0.867904 0.876247 0.881923 0.891615 0.931044 1.00352 1.01792 1.00168 0.983606 0.962237 0.965718 0.941073 0.920359 0.909674 0.924186 0.934444 0.923893 0.935745 0.929386 0.894412 0.881692 0.886527 0.884487 0.873506 0.864948 0.857612 0.855112 0.853218 0.850479 0.8503 0.857921 0.861631
1.04506 1.03146 1.02992 1.02439 1.04595 1.02334 1.0025 1.05029 1.01841 1.04919 1.0155 1.02795 1.03792 0.978255 0.948711 0.916033 0.903045 0.888377 0.886412 0.89524 0.896464 0.918649 0.926766 0.930785 0.957895 0.979128 0.976692 0.945926 0.939234 0.929577 0.910607 0.883057 0.870175 0.870884 0.886368 0.891912 0.902481 0.952672 0.99479 0.985354 0.991392 1.00507 0.974907 0.961502 0.955692 0.920351 0.898516 0.90442 0.899378 0.896985 0.896231 0.887041 0.892225 0.893564 0.905684 0.891595 0.877414 0.86725 0.864077 0.86078 0.856416 0.8503 0.848344 0.854052
1.065 1.06234 1.04583 1.04112 1.05564 1.04742 1.02351 1.0565 1.02831 1.06809 1.03277 1.05051 1.0428 0.977563 0.934174 0.926868 0.914924 0.89903 0.888244 0.883075 0.887363 0.897555 0.913716 0.95307 0.998649 0.988388 0.965007 0.977114 0.962227 0.944752 0.929436 0.889718 0.872824 0.866677 0.875887 0.880173 0.881523 0.902098 0.940087 0.97958 1.02227 1.02743 0.995022 1.01248 0.984199 0.941594 0.904347 0.891648 0.894845 0.883311 0.881714 0.889715 0.915116 0.907237 0.903247 0.895073 0.885534 0.873124 0.869333 0.865633 0.860948 0.853933 0.846066 0.842409
1.05411 1.08633 1.06951 1.07164 1.07999 1.05302 1.05627 1.05613 1.0536 1.08309 1.0696 1.06153 1.02877 0.986884 0.971967 0.974809 0.958859 0.944408 0.916654 0.893771 0.886922 0.895788 0.915853 0.946383 0.984272 0.984006 0.982961 1.00096 0.963092 0.955035 0.946439 0.894134 0.87261 0.864981 0.86624 0.868112 0.877265 0.895237 0.908724 0.93414 0.969115 1.00456 1.00833 1.02096 1.00626 0.967719 0.913312 0.918842 0.913753 0.890835 0.898322 0.895835 0.903132 0.912576 0.912626 0.896555 0.881502 0.889742 0.883739 0.884428 0.874974 0.858532 0.844563 0.83795
