Data/Param_I.asc
ncols         679
nrows         333
xllcorner     90.5472
yllcorner     32.43537
cellsize      0.01
NODATA_value  -9999
[rows 90 to 119 of 333, columns 0 to 66 of 679]
30.6325 30.7237 30.7297 30.7623 30.7504 30.7204 30.6346 30.5717 30.5874 30.5988 30.5525 30.3875 30.3855 30.3249 30.2993 30.3856 30.4988 30.5796 30.8907 31.4673 31.4757 32.8333 34.5934 35.073 36.0611 36.8927 36.1719 36.2847 37.2965 37.1518 36.8237 36.1093 34.9545 34.783 34.7634 35.1542 35.336 35.778 36.0769 35.7926 35.0302 34.6338 34.7854 34.9287 34.9979 35.1675 35.3406 35.5146 35.7594 35.8417 35.9468 36.1148 36.3578 36.7778 37.0058 36.8055 37.0046 37.2697 37.6421 38.0419 38.4005 38.6353 38.7488 38.9711 39.1895 39.1469 39.1687
30.4464 30.4662 30.5088 30.5184 30.5217 30.7032 31.083 31.3747 31.3992 31.3244 31.153 30.8942 30.4862 30.2073 30.1175 30.218 30.3256 30.3991 30.4404 30.6431 31.6242 33.695 34.9964 34.9031 35.2305 35.5249 34.6408 34.8398 35.0041 34.7425 34.7842 35.1919 35.5999 35.8433 35.885 36.4987 36.527 36.6901 36.5481 35.8718 35.1 34.6898 34.8801 35.0627 35.282 35.4569 35.6196 35.7389 36.0324 36.2655 36.4203 36.5836 36.8959 37.3258 37.7024 37.5154 37.7293 38.0626 38.4715 38.8364 39.2018 39.423 39.5633 39.7485 39.93 40.4077 40.761
30.4091 30.3938 30.3465 30.3266 30.3513 30.4809 30.7558 31.1974 31.6635 31.9236 32.0226 31.7787 31.0224 30.3489 29.996 30.1124 30.2215 30.3892 30.4668 30.6865 31.3289 31.9934 32.5451 33.043 33.9474 34.5565 34.0292 34.4403 34.9043 34.5019 33.9938 33.9871 34.3691 34.8678 35.5621 36.2963 36.168 35.7315 35.4985 35.366 34.9504 34.9294 35.0999 35.2618 35.494 35.7447 36.0078 36.2663 36.3807 36.6474 36.9003 37.219 37.4166 37.4992 37.6977 38.0053 38.5045 39.0972 39.6129 40.2089 40.9696 41.1087 40.4584 40.3961 40.9225 42.2013 43.1552
30.6945 30.6114 30.5843 30.4312 30.3432 30.362 30.4579 30.6364 30.8212 30.9554 31.0793 30.9734 30.6849 30.2983 30.0663 30.2241 30.4309 30.6266 30.7575 31.0376 31.3462 31.7431 31.9913 32.3962 32.9547 33.1722 33.2979 33.6841 34.4317 34.7254 34.33 34.3717 34.6067 34.7614 35.02 35.164 35.5425 35.6242 35.4466 35.1973 35.093 35.2428 35.3421 35.405 35.6283 36.0468 36.4842 36.8846 37.008 37.3987 37.6401 37.8429 37.9496 38.032 38.1757 38.347 38.717 39.6582 41.0088 42.6901 43.6275 43.5342 41.7518 40.7715 41.0539 42.208 43.0484
31.6331 31.0669 30.8585 30.6487 30.4992 30.3562 30.2699 30.2748 30.3631 30.4662 30.5081 30.2948 30.1031 30.0804 30.1474 30.3986 30.9721 31.6897 31.7293 31.7311 32.2362 32.843 32.4794 32.6982 32.9263 32.7956 32.9681 33.3409 33.7518 34.1815 34.5138 35.0418 35.3409 35.4003 35.4835 35.4719 35.453 35.4564 35.5136 35.4982 35.5066 35.663 35.7768 35.8737 36.0484 36.4439 36.8487 37.211 37.6701 38.7151 39.4142 39.089 38.8472 38.5721 38.4914 38.7717 39.0162 39.8502 40.9898 42.323 43.42 43.7681 42.8965 41.9626 42.9535 43.2578 42.7643
32.5153 31.7068 31.5489 31.0895 30.7246 30.5793 30.3445 30.1695 30.2133 30.3301 30.3335 30.1609 30.088 30.1865 30.3728 30.6538 31.2768 32.1312 32.3323 32.2483 32.4068 32.7373 32.4009 32.154 32.4416 32.784 33.2597 33.8381 34.2575 34.6216 35.1925 35.9085 35.8783 36.1805 36.2611 36.2851 36.0907 35.9951 36.1065 36.183 36.2388 36.3041 36.2983 36.3995 36.6475 37.0366 37.2842 37.5364 37.974 38.8414 39.767 40.665 40.8201 39.5096 39.2216 40.3027 39.6314 39.6002 40.053 40.525 41.2645 42.1822 42.4781 42.5293 43.7822 43.6945 42.9752
32.6754 32.3556 32.2782 31.7604 31.3378 31.137 30.7974 30.41 30.5137 30.8067 30.7339 30.4909 30.3215 30.4874 30.7861 31.0754 31.5072 31.7046 31.6459 31.6115 31.6769 31.711 31.8608 32.1896 32.578 33.0346 33.475 33.9991 34.5174 34.9786 35.6063 36.5237 36.7562 37.13 37.0714 37.6086 37.3841 37.0124 36.9164 37.3319 37.7202 37.4444 37.1198 37.1908 37.4703 37.916 38.1143 38.1724 38.4248 39.5712 40.3109 41.0232 41.0662 39.9564 39.3741 40.2612 40.7847 40.4023 40.424 40.7548 40.8255 40.7271 40.966 41.3316 42.2396 42.0981 41.5895
32.1832 32.2955 32.0147 31.8186 31.7815 31.3868 30.9922 30.646 30.4372 30.3726 30.4283 30.4247 30.6639 30.85 31.1636 31.5224 31.9046 31.9159 31.7572 31.6635 31.7009 31.953 32.1803 32.5384 32.877 33.3597 33.8888 34.4053 34.8329 35.2699 35.9093 37.2318 37.5957 38.033 38.354 38.302 38.8067 38.1307 37.6161 37.6772 38.1306 38.0332 37.7124 37.7995 38.5234 39.5406 39.6998 39.2111 39.267 39.5755 40.0703 40.9984 40.5122 39.6803 39.5008 40.1896 40.8909 42.3134 42.835 41.8513 41.6175 41.192 40.419 40.5756 41.0601 41.2342 41.0638
31.176 31.5352 31.3619 31.0295 30.9327 30.765 30.4617 30.2749 30.0367 30.0591 30.3002 30.6418 30.9888 31.1879 31.4827 31.8459 32.221 32.1698 31.9368 31.9016 32.045 32.2494 32.4491 32.8325 33.1604 33.5536 33.9404 34.4178 34.8255 35.2725 36.0339 37.4769 38.601 39.6141 40.7159 40.5386 40.6375 39.4599 38.7756 38.6307 38.4439 38.1631 38.2302 38.4776 39.0418 40.1511 40.9412 40.1486 39.6344 39.6192 39.2157 39.7438 39.5001 38.7441 38.7881 39.5863 41.0837 44.2319 45.9427 43.4107 41.8089 41.5753 40.7012 40.5243 40.7076 40.9434 40.9991
30.7875 30.967 30.8205 30.4886 30.3768 30.2698 30.2043 30.1169 30.1903 30.3965 30.7056 31.0173 31.3218 31.5383 31.8131 32.1104 32.3928 32.2784 32.027 31.9011 32.0341 32.2951 32.6077 32.9591 33.2679 33.5875 33.9313 34.3221 34.6676 35.0977 35.7756 36.7991 38.0082 39.743 41.7204 42.1119 42.1545 41.803 41.2163 40.7173 40.2727 39.4947 39.0703 39.2237 39.3952 39.9529 40.6703 40.6417 39.9779 39.6926 39.1024 39.0041 38.8379 37.9996 38.0172 38.904 40.4819 42.5367 43.178 41.5975 40.0745 39.8997 40.0373 40.8879 41.3368 41.4172 41.1913
31.1303 31.1693 30.8829 30.5167 30.3089 30.3094 30.431 30.5552 30.7341 30.9389 31.2141 31.5378 31.7919 31.9351 32.1211 32.3924 32.5843 32.4069 32.2017 32.1538 32.2616 32.2704 32.4291 32.5487 32.7976 33.3198 33.9648 34.8435 35.4 35.4239 35.8638 36.4745 37.5459 38.8377 39.9952 40.7626 41.6783 42.0565 41.992 41.9823 41.9091 41.8109 40.9514 40.6052 40.5065 41.4359 41.7264 41.2134 40.1244 39.5714 39.1178 39.0707 38.6857 37.7245 37.375 37.994 38.9665 39.5505 39.3537 39.1942 38.8429 38.9272 39.6133 41.0821 42.5476 43.806 44.6476
32.0039 31.5813 30.7953 30.34 30.4277 30.6682 30.926 31.2332 31.485 31.6425 31.8544 32.055 32.228 32.3185 32.5151 32.6842 32.7851 32.6807 32.398 32.1898 32.0843 31.9149 31.9736 32.2726 32.6579 33.1238 33.8508 34.8158 35.6979 36.0024 36.1288 36.4347 37.1115 38.172 39.1436 39.9075 40.354 40.8075 41.5449 41.7747 41.3253 41.6942 41.8985 41.3473 40.9101 41.8869 42.8426 41.8274 39.8391 39.0031 38.1255 37.5573 37.1219 36.7607 36.636 37.0458 37.721 38.0547 37.9156 38.1128 38.2424 38.6461 39.3742 40.2881 41.2293 42.5435 45.5675
31.9091 31.2887 30.6569 30.3537 30.6263 31.0341 31.408 31.8019 32.0352 32.1305 32.2994 32.4123 32.5489 32.6345 32.7546 32.8276 32.8994 32.805 32.3445 31.8814 31.6773 31.6994 31.9508 32.3205 32.5556 32.849 33.4269 34 34.6422 35.3698 35.8829 36.5811 36.9851 37.4797 37.9885 38.6587 39.4245 40.3105 41.5015 41.5521 40.9882 41.1074 41.2166 40.9558 40.7025 40.6312 40.8441 40.7169 40.5357 40.2138 38.6959 36.7877 35.8011 35.7472 35.893 36.0782 36.4866 36.9796 37.2519 37.536 37.7954 38.1767 38.7029 39.5068 40.5201 40.3003 41.0094
31.4397 30.8871 30.4949 30.4221 30.6402 30.9975 31.3371 31.7092 31.876 31.9427 32.0978 32.2143 32.3085 32.398 32.5058 32.608 32.689 32.5382 32.193 31.9201 31.6911 31.7101 32.0121 32.2854 32.4268 32.6704 33.0276 33.5414 34.2733 35.0815 35.4881 36.0335 36.3012 36.6245 37.3254 38.2116 39.1372 40.0018 40.8665 41.2755 41.2515 41.4603 41.6919 41.754 41.0582 40.1739 39.8583 39.6449 39.754 39.3979 38.4769 37.0354 35.5518 35.2466 35.3087 35.4724 35.9189 36.4202 36.824 37.2227 37.6718 37.946 38.0686 38.4056 38.9431 38.8258 38.5849
30.9956 30.728 30.4828 30.4394 30.6152 30.8448 31.1106 31.3723 31.5304 31.6239 31.6994 31.7927 31.8787 31.9768 32.0404 32.2002 32.3347 32.2653 32.027 31.8375 31.7352 31.8409 32.0916 32.2419 32.4038 32.659 32.9632 33.443 33.8445 34.2442 34.7958 35.2437 35.6889 36.3739 37.3311 38.3789 39.5725 40.7462 41.9517 42.9306 43.1396 42.5299 41.9887 41.6541 40.7603 39.948 40.1114 39.7702 38.7332 37.5815 37.0336 36.4972 35.3761 34.8982 34.8775 35.1822 35.8174 36.2559 36.6606 37.0831 37.4255 37.6876 37.7784 37.9929 37.8953 37.731 37.4899
30.9494 30.7951 30.6381 30.5704 30.6529 30.8066 30.9309 31.0461 31.178 31.2772 31.3036 31.3783 31.4741 31.5825 31.6675 31.808 31.9598 31.9642 31.8674 31.8234 31.7378 31.7771 31.9928 32.1523 32.2783 32.5081 32.8465 33.1796 33.4888 33.7806 34.2337 34.8531 35.6752 36.4542 37.4059 38.4391 39.772 41.5427 43.1975 45.1065 46.3624 45.9613 43.6073 41.5636 40.44 39.4997 39.0497 39.1457 38.6897 37.4971 36.3977 35.2242 34.61 34.3609 34.745 35.861 36.84 37.1798 37.1475 37.2022 37.479 37.7439 37.8692 38.379 38.5213 37.751 37.0325
31.0392 30.9177 30.7866 30.7499 30.734 30.7963 30.7971 30.8643 30.8795 30.9865 31.0571 31.0862 31.1801 31.2386 31.3451 31.5042 31.6906 31.6397 31.6158 31.6176 31.6597 31.7461 31.8937 32.0638 32.2479 32.4063 32.6969 32.958 33.2474 33.4907 33.9641 34.7557 35.6292 36.5456 37.5911 38.5555 39.7411 41.2417 43.0333 44.802 46.0291 46.0346 44.1295 42.7767 41.7408 39.8258 38.444 37.7925 37.4184 36.565 35.6374 34.7325 34.293 34.0237 34.5121 36.2026 38.0811 38.9049 38.586 38.4842 37.93 38.089 38.3388 38.4974 39.1905 39.1431 38.1994
31.0634 30.8646 30.8519 30.846 30.8245 30.8145 30.8044 30.8097 30.8329 30.8678 30.9068 30.9409 30.9913 31.081 31.1962 31.2749 31.4451 31.4382 31.4414 31.4551 31.477 31.5345 31.7082 31.8852 32.0583 32.1678 32.393 32.6643 32.8878 33.1429 33.6169 34.4164 35.3126 36.1354 36.9468 37.7912 38.8545 40.2058 41.9411 42.9711 42.8066 43.6635 44.1316 44.2573 43.9616 41.6632 38.8399 37.3768 36.3242 35.5569 34.8592 34.3344 33.9902 33.6978 34.23 35.4352 36.7519 38.0891 37.9951 37.8265 38.4001 39.3695 39.7124 39.6328 39.289 38.9204 38.4403
30.9964 30.8686 30.8279 30.8249 30.814 30.808 30.8013 30.8062 30.8155 30.8373 30.8844 30.9053 30.9779 31.0633 31.1088 31.1757 31.2075 31.2397 31.2497 31.2755 31.2831 31.3269 31.4902 31.6273 31.7301 31.87 32.1043 32.3302 32.4551 32.6537 33.0652 33.8224 34.5565 35.1934 35.8858 36.6417 37.477 38.7355 40.3228 40.7752 40.4679 41.3179 43.2987 42.9324 42.2428 41.5382 39.7855 38.3164 36.6853 35.2408 34.3268 33.7172 33.4471 33.219 33.241 34.2278 35.7801 36.4551 35.9231 35.4438 36.1057 37.2264 37.6949 38.3183 39.1942 38.8449 37.7104
30.9598 30.8777 30.8305 30.8117 30.8066 30.8137 30.795 30.7667 30.7827 30.7956 30.8246 30.8966 30.9832 31.0107 31.022 31.0814 31.0914 31.0762 31.0654 31.0754 31.082 31.1258 31.2648 31.3731 31.4764 31.6054 31.7697 31.9375 32.0426 32.2372 32.5959 33.104 33.6917 34.265 34.7422 35.3583 36.1829 37.1964 38.4908 38.7063 38.3931 39.257 39.6679 39.1865 38.714 38.7825 39.1002 38.8816 37.9676 36.4045 34.7503 33.6641 33.2406 33.1112 32.8775 33.0773 34.0625 34.2572 34.0833 34.0666 34.6234 34.9595 34.9285 35.7769 37.2185 38.3302 38.3312
30.9058 30.844 30.8101 30.7762 30.7888 30.7968 30.8282 30.8226 30.7942 30.7965 30.8573 30.9308 30.9545 30.9505 30.9801 31.0023 30.9927 30.9263 30.9018 30.89 30.8825 30.9217 31.0221 31.1179 31.2269 31.2844 31.4121 31.5345 31.6525 31.8241 32.0271 32.418 32.8938 33.4013 33.8212 34.3095 34.947 35.5363 36.3951 36.5091 36.2276 36.4791 36.5851 36.6296 36.7049 36.9925 37.4087 36.574 36.4644 35.9052 35.4459 34.6079 33.6594 33.0341 32.688 32.4076 32.6581 32.8827 32.8728 33.1978 33.6244 33.6159 33.9275 34.3398 34.9996 35.8554 37.3426
30.81 30.8128 30.7625 30.7504 30.7722 30.818 30.8723 30.8954 30.9004 30.9003 30.9019 30.9052 30.939 30.9193 30.9044 30.9091 30.8785 30.8168 30.7722 30.7472 30.7325 30.7799 30.7882 30.8647 30.9437 30.9893 31.0891 31.1805 31.2542 31.3506 31.5223 31.874 32.1866 32.5745 33.0255 33.3919 33.6734 33.9394 34.5579 34.7062 34.6177 34.7376 34.8836 35.1011 35.4091 35.8631 35.8622 34.9725 34.0404 33.6723 33.1913 32.798 32.8244 33.392 33.9544 33.4437 32.5516 32.1469 32.1447 32.4725 32.7462 33.8094 33.7202 33.4101 33.5527 34.0993 34.7035
30.6855 30.6905 30.6994 30.7492 30.7792 30.8092 30.8219 30.8865 30.8669 30.8517 30.8581 30.9017 30.9066 30.8687 30.8286 30.8173 30.797 30.7247 30.616 30.5672 30.6115 30.6228 30.63 30.6721 30.7131 30.7647 30.8333 30.894 30.9855 31.0981 31.2054 31.4285 31.672 32.0018 32.3817 32.8387 33.0363 33.39 33.5371 33.5899 33.7676 33.8334 33.9843 34.448 35.0699 35.0151 34.8018 33.802 32.7161 32.3743 31.953 31.5942 31.735 32.3862 33.8499 34.5024 34.0504 32.8177 31.8446 31.8245 32.0454 32.3457 32.6798 32.8485 32.8942 33.1946 34.1215
30.6669 30.6705 30.6703 30.6958 30.7773 30.847 30.842 30.8787 30.8689 30.88 30.8609 30.8556 30.8625 30.8234 30.7992 30.791 30.7017 30.6116 30.4964 30.4912 30.4926 30.493 30.511 30.5432 30.5688 30.5841 30.6115 30.7497 30.8048 30.8682 30.8755 31.0768 31.2357 31.451 31.775 32.1427 32.4083 32.7818 32.9363 32.935 33.1152 33.2743 33.4023 33.9044 34.5771 34.2398 33.2479 32.4483 31.9899 31.729 31.4208 31.2298 31.3827 31.8311 32.7992 33.1803 33.3146 32.8583 32.0872 31.4546 31.37 31.5487 31.7834 32.0303 32.178 32.6051 33.269
30.6441 30.6699 30.7189 30.7306 30.7976 30.8735 30.9332 30.958 30.9382 30.9129 30.872 30.8621 30.8258 30.7626 30.776 30.7589 30.6677 30.5743 30.4784 30.4416 30.3896 30.3637 30.371 30.4246 30.4505 30.4482 30.4576 30.562 30.6141 30.6414 30.6639 30.7802 30.879 31.1294 31.4527 31.7181 31.8598 32.1878 32.432 32.4289 32.6723 32.949 32.8703 33.0636 33.5849 33.2396 32.481 32.0725 31.7806 31.4878 31.266 31.1874 31.4038 31.5155 31.4732 31.3749 31.297 31.1856 31.5284 31.3558 31.1348 31.1326 31.3631 31.5688 31.6805 31.8863 32.2318
30.5687 30.6068 30.6637 30.7468 30.7797 30.9032 30.9701 30.9981 30.9798 30.956 30.9319 30.907 30.809 30.7779 30.7676 30.6417 30.5891 30.5496 30.4266 30.3098 30.278 30.2198 30.2238 30.2112 30.2656 30.2771 30.2995 30.3204 30.386 30.4319 30.4809 30.5952 30.7161 30.9436 31.155 31.3824 31.5195 31.7566 31.9563 32.0306 32.0838 32.179 32.1371 32.2684 32.42 32.2517 31.9853 31.8169 31.6416 31.5389 31.4247 31.4742 31.4282 31.304 30.8583 30.5792 30.4335 30.4565 30.7102 30.8475 30.8301 30.934 31.1134 31.2442 31.3414 31.5179 31.6888
30.538 30.6056 30.6867 30.7478 30.7832 30.8878 30.9562 31.0309 31.0247 30.9904 30.9001 30.8205 30.7825 30.7111 30.6284 30.5602 30.4374 30.3895 30.3219 30.1902 30.1714 30.1681 30.0482 30.0429 30.1506 30.0846 30.1191 30.2751 30.3319 30.3643 30.4335 30.5633 30.6944 30.8642 31.0956 31.1907 31.3559 31.5888 31.6683 31.7171 31.6882 31.5808 31.6565 31.6802 31.7546 31.7214 31.6241 31.5943 31.6066 31.921 32.1489 31.9282 31.4679 31.1 30.7396 30.3638 30.24 30.2546 30.4169 30.5129 30.5819 30.6593 30.8339 30.9598 31.1059 31.2419 31.3623
30.5167 30.5635 30.6488 30.7353 30.8023 30.8681 30.9474 30.9738 30.9579 30.9126 30.8359 30.7143 30.6332 30.5565 30.5094 30.4133 30.2937 30.283 30.2237 30.1831 30.1856 30.1292 29.9755 29.9644 29.9552 29.9863 30.0842 30.2454 30.392 30.4056 30.4558 30.621 30.7574 30.849 31.0117 31.1347 31.2602 31.3433 31.3627 31.372 31.2737 31.2599 31.2447 31.2596 31.3431 31.4848 31.4513 31.595 31.7153 32.2343 32.2974 31.8879 31.4711 31.0773 30.6063 30.2845 30.2202 30.2043 30.315 30.3624 30.3881 30.3666 30.4682 30.6901 30.8456 30.9187 31.1956
30.518 30.5816 30.6453 30.7355 30.8318 30.8555 30.875 30.8965 30.8657 30.8394 30.7052 30.6029 30.567 30.4366 30.3634 30.3096 30.2065 30.1927 30.1377 30.1178 30.1214 30.0331 29.9072 29.8787 29.927 29.9381 30.0141 30.1491 30.2935 30.3268 30.4243 30.6486 30.8056 30.8996 30.9828 30.9929 31.1987 31.1698 31.0239 30.8866 30.8832 31.0268 30.9046 30.8715 30.9409 31.0491 31.0132 31.204 31.3637 31.7186 31.7495 31.4739 31.003 30.6451 30.318 30.1432 30.1573 30.3148 30.3449 30.2437 30.2143 30.1566 30.2258 30.3492 30.461 30.8043 31.3352
30.5192 30.5626 30.621 30.7151 30.8256 30.8578 30.8699 30.8767 30.8809 30.8027 30.6297 30.5294 30.4434 30.2878 30.273 30.1678 30.1007 30.0439 30.0723 30.016 30.1124 30.1533 29.9491 29.879 29.8582 29.8387 29.9003 29.9361 30.0182 30.1251 30.1736 30.3523 30.4908 30.7354 30.993 30.8017 30.6563 30.6925 30.6419 30.6111 30.6415 30.7371 30.6719 30.5667 30.711 30.9133 30.8095 30.6417 30.7332 30.8527 30.7907 30.6156 30.328 30.0925 29.9624 30.0236 30.343 31.0832 30.9295 30.3986 30.0651 29.9555 30.0312 30.1438 30.2081 30.4446 30.6729
