Data/Param_I.asc
ncols         679
nrows         333
xllcorner     90.5472
yllcorner     32.43537
cellsize      0.01
NODATA_value  -9999
[rows 90 to 119 of 333, columns 201 to 267 of 679]
26.4188 26.3356 26.413 26.3409 26.2747 26.1855 26.171 26.0588 25.9805 25.8734 25.734 25.676 25.7549 25.8237 25.7297 25.6974 25.7092 25.6898 25.639 25.3899 25.3203 25.3528 25.3752 25.3575 25.3734 25.308 25.3396 25.2982 25.2789 25.3111 25.3008 25.3157 25.3719 25.4336 25.5181 25.6055 25.6009 25.541 25.4929 25.4147 25.4011 25.4033 25.4461 25.5161 25.5628 25.5868 25.6064 25.5544 25.5231 25.5723 25.6218 25.6104 25.6513 25.735 25.7718 25.8343 25.8633 25.8586 25.8764 25.8853 26.0226 26.2733 26.4761 26.6743 26.8975 27.0541 26.8907
25.6331 25.5742 25.5767 25.5239 25.4662 25.4352 25.4452 25.4236 25.5398 25.6069 25.5533 25.4535 25.5513 25.6265 25.5783 25.537 25.5931 25.603 25.6198 25.3723 25.2611 25.3056 25.3329 25.3019 25.2885 25.3043 25.3185 25.2455 25.2314 25.222 25.2395 25.3482 25.6328 25.8317 26.1647 26.2624 26.0317 25.8579 25.7621 25.536 25.4297 25.4276 25.4328 25.4654 25.4334 25.418 25.4273 25.4029 25.3952 25.3976 25.4818 25.5242 25.5949 25.6691 25.656 25.7128 25.8199 25.787 25.7086 25.7475 25.7654 25.9677 26.0895 26.1753 26.4076 26.6894 26.6805
25.7049 25.6438 25.5411 25.5573 25.4768 25.4683 25.4199 25.344 25.2375 25.2317 25.2736 25.2977 25.3925 25.54 25.5776 25.4909 25.4376 25.4081 25.4141 25.3406 25.3045 25.2459 25.2735 25.2803 25.3048 25.3151 25.2984 25.271 25.2603 25.2747 25.2219 25.2346 25.4362 25.7221 26.3347 27.0738 26.7353 26.1196 25.8747 25.5936 25.4557 25.4209 25.3874 25.3351 25.3089 25.2545 25.3 25.302 25.274 25.2952 25.4221 25.5626 25.5854 25.544 25.5631 25.5994 25.67 25.6551 25.5958 25.5952 25.5583 25.6515 25.7886 25.9109 26.0069 26.2372 26.3721
26.2986 25.9957 25.7561 25.6685 25.6421 25.5658 25.4602 25.4149 25.3772 25.3918 25.3607 25.2952 25.3399 25.3923 25.4025 25.421 25.3519 25.3112 25.2991 25.2666 25.248 25.3024 25.3084 25.3518 25.2969 25.2971 25.2969 25.3163 25.3146 25.2741 25.2385 25.1823 25.2911 25.4923 25.8458 26.0773 26.1015 25.8109 25.6243 25.4433 25.4209 25.3378 25.246 25.218 25.1822 25.1067 25.1277 25.1381 25.1254 25.1655 25.2734 25.3641 25.3733 25.4134 25.4396 25.4551 25.4711 25.4367 25.4544 25.46 25.4372 25.4532 25.5118 25.6406 25.8488 26.0636 26.245
27.2753 26.6105 26.0368 25.8283 25.7683 25.6477 25.5537 25.5468 25.5754 25.4975 25.4143 25.3298 25.3008 25.2982 25.2872 25.2732 25.2463 25.2335 25.2506 25.1875 25.1951 25.2868 25.2801 25.2822 25.2576 25.2931 25.2912 25.2908 25.3752 25.3378 25.2902 25.1871 25.1652 25.2898 25.5104 25.6115 25.5605 25.4419 25.391 25.2639 25.1933 25.1598 25.0802 25.0055 24.9407 24.922 24.9021 24.947 24.9935 25.0961 25.2207 25.2619 25.2695 25.2657 25.2823 25.3368 25.2951 25.246 25.3125 25.326 25.3236 25.3929 25.403 25.4527 25.6678 25.8741 26.0866
27.4163 26.9884 26.2434 26.0751 26.081 25.9495 25.9359 25.9705 25.821 25.6334 25.4815 25.4064 25.3042 25.2663 25.2673 25.2425 25.3263 25.4898 25.6672 25.5861 25.4253 25.3129 25.2663 25.2756 25.2442 25.281 25.2989 25.3063 25.3855 25.4502 25.384 25.2475 25.2166 25.2018 25.296 25.396 25.4053 25.3051 25.2071 25.1087 25.0452 24.9878 24.8978 24.8318 24.8149 24.8008 24.7879 24.8582 24.9353 25.0146 25.151 25.1816 25.1382 25.1158 25.197 25.2967 25.3004 25.241 25.2304 25.2356 25.2681 25.3451 25.3668 25.4933 25.6197 25.638 25.7604
26.8191 26.5982 26.5027 26.4887 26.4462 26.1624 26.6074 26.7335 26.3043 25.8686 25.5438 25.3866 25.3317 25.2505 25.2447 25.3263 25.6606 26.2806 26.7404 26.6752 26.3638 25.8524 25.5082 25.2722 25.235 25.3379 25.4794 25.5181 25.5741 25.6855 25.6798 25.6362 25.422 25.3085 25.2825 25.3535 25.2519 25.2483 25.1378 25.1018 25.0666 24.9388 24.8533 24.8557 24.8683 24.9257 25.1314 25.065 24.9719 25.0156 25.104 25.1295 25.0592 25.0688 25.1223 25.2638 25.2455 25.1909 25.1221 25.1219 25.1802 25.2573 25.3302 25.5009 25.6441 25.6066 25.6107
27.3644 27.1312 26.9951 26.5846 26.2399 26.1894 26.4807 26.9387 27.0356 26.3222 25.6547 25.3635 25.2955 25.2887 25.2141 25.433 26.0429 26.816 26.9195 26.3075 25.6971 25.4978 25.4278 25.3395 25.3516 25.5823 25.8869 26.1444 26.6058 26.5585 26.4144 26.2439 25.8914 25.6801 25.5314 25.3711 25.2252 25.2304 25.1906 25.2455 25.187 25.1807 25.2177 25.1814 25.3936 25.6577 26.3019 26.0893 25.4387 25.409 25.3807 25.2203 25.0552 25.1571 25.0644 25.035 24.9945 25.021 25.0263 25.0479 25.1162 25.1809 25.2793 25.3948 25.4829 25.5861 25.5813
28.6604 28.3251 27.3398 26.5772 26.2425 26.0626 26.0714 26.4282 26.8464 26.4077 25.6666 25.3101 25.2663 25.3776 25.2353 25.345 25.8022 26.2003 26.0105 25.5558 25.4157 25.4773 25.5332 25.5227 25.5932 26.0298 27.195 28.2411 28.6566 27.781 27.331 27.2252 26.7868 26.4549 25.7855 25.4147 25.5019 25.5233 25.6103 25.7394 25.5303 25.7323 25.8258 25.5584 25.7783 26.3141 26.7834 26.3584 25.7932 26.1297 26.1518 25.5577 25.4126 25.8638 25.6344 25.1307 24.8918 24.8947 24.942 25.0244 25.0785 25.1388 25.1893 25.2351 25.2938 25.3723 25.4392
28.8254 28.6701 27.3416 26.5125 26.2153 25.9974 25.9657 25.9864 26.0319 25.9378 25.4179 25.2621 25.3539 25.3138 25.1803 25.2511 25.3587 25.4727 25.5613 25.473 25.4234 25.527 25.6909 25.8912 26.1493 26.6271 27.7637 29.4002 29.7399 28.4889 27.5709 26.9478 26.8592 26.7329 25.9496 25.7574 26.1699 26.2245 26.4678 26.5647 26.0788 26.4199 26.3663 26.185 26.1334 26.9023 27.2168 26.6484 26.1964 26.0275 25.7687 25.3734 25.7592 26.8159 26.7962 25.8411 25.079 24.9197 24.9444 24.9697 24.9932 25.0446 25.1099 25.1304 25.1786 25.2173 25.2775
28.4584 27.7976 27.1072 26.5851 26.2712 26.0205 25.8891 25.6784 25.583 25.5734 25.4826 25.5127 25.6695 25.6056 25.387 25.3593 25.3429 25.4009 25.5168 25.492 25.4458 25.5757 25.75 26.0159 26.6202 27.1877 27.8182 29.0713 29.3995 28.0753 27.3617 27.2322 26.9907 26.4365 25.8366 26.1094 26.5173 26.8084 27.0971 26.9594 26.5556 27.0835 27.2249 27.3341 27.2867 27.401 27.626 26.9341 26.167 25.7781 25.6655 25.676 25.677 26.2435 26.3595 25.7841 25.104 25.0083 25.0671 25.0153 24.9664 24.9295 24.942 24.9857 25.1029 25.1687 25.1931
28.9199 28.1009 27.5692 27.2151 26.5728 26.1656 25.8306 25.9099 26.1617 26.5142 26.6152 26.305 26.0668 26.1042 26.0409 25.8546 25.8558 25.7783 25.6385 25.5639 25.5083 25.5792 25.6967 25.9658 26.5002 27.0897 27.9317 28.5064 28.7034 28.5573 28.544 28.9025 28.4611 27.593 26.3407 26.4177 27.6461 27.9625 27.7087 27.4087 27.6995 28.5045 29.0063 28.8459 29.6873 29.2423 28.1939 26.8551 26.1385 26.4179 26.4128 26.5362 25.9599 26.0328 25.6775 25.2362 25.2752 25.8349 25.8552 25.4923 25.0186 24.8714 24.86 24.9713 25.1054 25.1243 25.1479
30.1099 29.275 29.0038 28.796 27.5314 26.806 26.167 26.4331 27.1452 27.3065 27.4399 27.1614 27.0612 26.8469 26.5212 26.2444 26.5446 26.3708 26.1579 25.9203 25.7023 25.8545 25.9293 25.9661 26.3009 26.8245 27.4802 27.9336 28.1393 27.9943 28.3271 28.2563 28.2019 27.9586 26.6038 27.034 28.711 29.3124 29.2258 28.415 28.7584 29.9665 30.8822 30.6672 30.834 29.4421 28.3019 27.2426 26.7921 27.044 27.475 27.089 26.4229 26.1952 25.8636 25.3503 25.6174 26.2353 26.1491 25.7739 25.2947 25.0669 24.9138 24.9336 24.9433 24.9846 25.0487
30.9372 30.6277 30.0715 29.3758 28.2933 27.5175 26.7753 26.5359 27.5016 28.0144 27.6775 27.574 28.0076 28.1393 27.1702 26.8757 26.8421 26.818 26.7561 26.3632 26.1267 26.396 26.5672 26.4423 26.3536 26.6734 27.1166 27.5527 27.8423 28.0342 27.9247 27.4239 26.99 26.6453 26.2214 26.622 27.1932 27.712 28.3943 28.6593 28.8641 29.3944 30.1764 31.0239 30.1868 28.8612 28.1249 27.6156 27.4207 27.8285 27.9805 27.3428 26.6351 26.5752 26.2281 25.6476 25.895 25.9947 25.7673 25.6373 25.5386 25.5263 25.1776 24.8752 24.8374 24.9008 24.9523
29.9113 29.8859 29.6142 29.6193 29.4885 28.1416 27.0243 26.8026 27.2775 28.0848 28.7056 28.458 28.5886 29.2282 28.2808 27.9614 27.5456 27.3721 27.4639 27.1027 26.8289 26.7379 27.1463 26.9577 26.869 27.1678 27.2434 27.2572 27.5837 28.3408 28.1955 27.4471 27.2048 26.7019 26.7068 27.0458 27.1082 27.2147 28.1208 29.0299 29.7049 30.2895 30.7609 30.6645 29.6906 29.1713 29.0655 28.2299 28.0334 28.5016 28.035 27.1701 26.9107 26.9456 26.657 26.1785 26.1232 26.2299 26.2746 25.9106 25.5078 25.2989 25.1392 24.9198 24.9882 24.8603 24.8276
28.0803 28.1319 28.1859 28.5067 29.3605 28.8355 27.58 27.4404 28.0887 28.151 28.6889 29.4027 29.6488 29.8189 29.2614 29.1547 29.0454 28.276 27.9565 28.0203 27.6419 27.1056 27.6144 27.3642 27.6016 28.2328 28.095 27.6385 27.8853 28.596 28.2306 27.428 27.3349 27.1083 27.4391 27.7903 27.9368 27.5541 28.2775 29.3465 30.1846 31.4115 32.4004 31.7879 31.0277 30.7474 30.0078 29.2137 28.9268 28.7141 27.7059 27.591 27.999 27.8234 27.2681 26.6321 26.4214 26.9808 27.4838 26.8251 26.079 25.1495 24.875 24.8848 25.3701 24.8777 24.8394
27.3122 27.3623 27.3053 27.4405 27.804 28.3372 28.5837 28.2777 28.7844 28.2014 27.6987 28.2758 29.5467 30.8576 30.7805 30.5759 30.0376 29.8434 29.2607 28.5346 27.7126 27.4996 27.9896 28.5008 28.1813 28.9016 28.6074 28.343 28.4126 28.4482 28.3359 28.0617 28.4509 28.5314 28.2026 28.0912 28.6673 27.9963 27.6813 28.1591 28.7969 29.4317 29.9482 30.1043 30.8445 32.5865 32.5286 31.3054 31.1031 29.6254 28.6594 29.6712 29.3945 28.3082 27.6612 26.8943 26.3412 26.074 26.403 26.3279 25.7899 25.2578 24.9778 25.2569 25.1826 24.8148 24.9537
27.0321 26.9862 27.0678 27.3331 27.9119 28.8873 29.4076 28.8611 28.4757 28.0341 27.2601 27.7649 28.4287 29.5731 30.7237 31.5269 31.3428 30.6177 29.7639 29.1191 28.767 28.2759 28.1776 28.3188 28.4433 28.5717 28.7247 28.9598 29.1176 28.6095 28.5377 28.7298 29.1345 29.5791 29.5855 28.5639 28.8279 28.6249 28.6564 28.6753 28.8115 28.7334 28.8741 28.9676 29.269 29.7972 30.2925 31.1563 31.1268 30.3107 31.2181 31.3 29.5802 28.1397 27.075 26.6287 26.0638 25.5162 25.3075 25.363 25.1668 24.8542 24.7758 25.077 25.1373 25.128 25.0553
27.7716 27.0143 27.3047 27.795 28.9839 29.8577 29.48 28.6471 27.7467 27.6512 27.1956 28.0454 27.8684 27.8671 28.2529 29.3908 30.5674 30.4493 29.9833 29.9215 29.4913 29.5911 29.3749 29.3158 29.2699 28.8888 28.7754 29.2485 29.3339 28.8058 28.833 28.9102 29.4153 29.7132 29.2732 28.6383 28.8158 29.2317 29.4874 30.0234 30.3587 30.332 30.171 29.8113 29.6771 30.0903 31.0024 31.6424 31.3041 31.6389 31.8111 29.8625 28.2928 27.6101 26.9072 26.0247 25.6218 25.257 24.881 24.7892 24.7327 24.7422 24.6531 24.7661 25.1977 25.876 25.6896
27.5776 28.0408 28.4729 28.4317 29.8448 29.3326 27.9775 27.3524 27.0281 27.1242 26.8127 27.2146 27.2377 27.7487 28.0492 28.0967 28.6557 29.6915 30.7152 30.9351 30.5386 30.854 30.4459 30.6263 30.9547 30.3433 29.7422 29.7683 29.8027 29.4684 29.5447 29.1198 29.5548 29.343 28.3997 28.0432 28.3281 29.0831 30.048 31.0702 31.6718 31.2439 31.05 30.6686 30.4605 31.148 31.5646 30.7807 30.1283 30.8254 30.0845 28.929 27.7386 26.9425 26.383 25.7387 25.1705 24.8856 24.832 24.9379 24.8418 24.8384 24.9099 24.9479 24.9614 25.8173 26.0517
27.1271 28.3486 29.2995 29.3704 29.1701 28.4845 27.3623 26.7552 26.5805 26.5458 26.4137 26.6958 27.3443 28.3947 30.011 28.9534 28.9821 29.9271 29.5149 29.8176 30.6604 31.3471 31.5069 31.4292 30.531 29.8698 29.918 29.7421 30.1153 29.9851 29.7493 29.4675 29.1836 28.8076 27.8442 27.2893 27.6367 28.1834 29.0917 30.0554 30.6405 30.3777 29.849 29.5067 29.3553 29.5577 29.2795 28.7753 28.5801 28.7263 28.3204 27.7639 27.0969 26.4172 25.8198 25.2973 24.9795 25.0001 25.5874 25.6468 25.5414 25.2957 25.6618 25.3346 25.0624 25.7334 25.5389
27.2098 27.705 28.4068 29.0948 29.2744 28.181 27.1195 26.6971 26.5229 26.4305 26.4772 27.0364 28.033 29.1778 31.5678 30.3216 29.7432 30.0632 28.8207 28.3972 28.7893 29.3965 29.9317 29.9046 29.5336 28.8171 29.4236 28.9462 29.3818 28.9694 28.6973 28.3556 28.3167 27.7413 27.3352 27.1505 27.4304 27.6152 28.0075 28.4604 28.985 29.3519 29.486 29.6918 29.6899 28.969 28.0204 27.4469 27.2235 26.9681 26.8237 26.674 26.296 25.9027 25.4824 25.2107 25.5277 25.7219 26.217 26.8482 26.3352 26.3163 27.3857 26.2966 25.6021 25.8776 25.1133
27.0238 27.5459 27.7375 28.1276 28.7875 27.7601 26.9219 26.6558 26.5245 26.5184 26.6181 27.3417 28.0053 28.7254 30.6795 30.9395 30.5046 30.0092 29.7063 29.0207 28.0809 28.037 28.0803 28.2821 28.3608 27.8194 28.4396 28.0877 27.8762 27.7526 27.61 27.0769 26.7433 26.6568 26.7662 27.1498 27.7066 27.865 28.1602 28.6734 29.3882 30.2194 30.8713 31.2725 31.171 30.8667 29.886 29.4112 29.4126 28.2148 26.8828 26.2245 26.085 25.6617 25.3743 25.5823 25.8389 26.1752 26.5369 27.2858 26.6896 26.954 27.9781 26.7595 25.9777 25.8715 26.0167
26.8422 27.1923 27.468 28.0851 28.7902 28.5617 27.2821 26.6427 26.5109 26.5553 26.7109 27.5431 28.241 28.1365 28.9571 30.2973 30.5118 29.6039 29.6388 29.5471 29.0796 28.8534 28.1829 27.2796 26.9975 26.8034 26.8335 26.6812 26.5497 26.6746 26.4678 26.3278 26.3557 26.4558 26.603 26.9635 27.4889 27.961 28.776 29.5397 30.3434 31.1579 32.0018 31.9904 31.553 31.8792 30.8017 31.1648 33.029 31.1457 27.8462 26.5477 25.9113 25.5058 25.6755 26.2383 26.7416 27.3112 27.6979 27.4081 26.6403 26.6377 27.5447 27.1892 26.4294 26.353 27.3516
26.7655 26.8118 27.0287 27.5252 27.882 28.0127 27.2069 26.6263 26.5281 26.5439 26.7521 27.5476 27.845 27.648 27.9352 29.0043 29.1187 28.7977 28.5168 28.4852 28.8849 28.6082 28.1706 27.1606 26.3582 26.2392 26.3124 26.5696 26.4176 26.2563 26.2184 26.2454 26.2972 26.3644 26.4891 26.7432 27.0521 27.752 29.1106 29.5949 29.6149 29.741 30.2206 30.4172 30.2412 30.5539 29.8906 30.5445 32.3198 31.3841 28.0927 26.5849 25.7798 25.7225 26.2629 27.1608 28.1555 29.3891 30.8757 29.937 27.9896 27.406 27.8974 27.6352 27.0227 26.7044 26.5841
26.8103 26.8184 26.848 26.9291 27.0408 26.9575 26.815 26.6761 26.6231 26.5961 26.7185 27.052 27.8033 28.5968 29.12 28.7689 28.4387 28.5903 28.6884 28.1015 27.4618 27.1319 26.8398 26.4287 26.3597 26.5829 26.7172 26.7706 26.7668 27.0568 27.5044 27.3033 27.1738 27.1286 26.9323 27.0912 27.704 28.3743 28.4225 28.8298 29.3062 29.5149 29.5993 29.7846 29.6445 29.2262 28.8142 28.9493 29.2569 29.0504 27.9417 26.7132 26.0095 26.1927 26.8699 28.4825 31.6262 34.6506 36.4367 34.4756 31.2197 29.8551 29.3394 28.2194 27.389 27.2046 26.294
27.1158 27.0431 26.8983 26.8655 26.8201 26.7846 26.7265 26.6378 26.5954 26.6228 26.7036 26.7845 27.1875 27.7573 28.4994 28.5395 28.2248 28.6695 28.2302 27.2415 26.6323 26.4373 26.5052 26.9636 27.655 28.0633 27.5896 26.986 27.2074 28.8192 30.2429 29.1654 28.7363 28.2459 27.7737 27.3533 27.5743 27.9848 28.6396 29.9625 31.4466 31.6175 30.9145 30.8148 30.782 30.2208 29.2183 28.5024 28.0899 27.4626 26.9155 26.4301 26.2551 26.6759 27.7732 29.7402 31.6419 32.7633 35.4407 34.6847 32.3756 33.0211 31.8161 29.514 27.7106 26.9062 27.13
27.4428 27.4968 27.276 26.9622 26.7511 26.6296 26.595 26.526 26.461 26.4399 26.453 26.5282 26.6847 26.8167 26.9202 26.9548 26.9481 26.9269 26.6247 26.2965 26.2258 26.6137 27.3098 27.7955 27.8354 27.5069 27.4274 27.4613 27.4443 28.7673 30.0285 28.8322 28.2503 28.3151 27.7616 26.8824 27.2892 28.2986 29.1208 29.5966 30.2598 30.3217 29.2475 29.09 29.6434 29.7845 29.3659 28.8741 28.9802 27.9946 27.0064 26.6573 26.7493 27.0191 28.5157 29.9627 29.2525 30.3784 32.7475 33.8896 31.351 30.3805 30.5336 29.5825 27.4401 26.3898 26.4203
26.9554 27.1624 27.3018 27.2916 27.0102 26.7423 26.7017 26.6114 26.4373 26.3883 26.4176 26.4939 26.5129 26.4455 26.4337 26.4279 26.4298 26.3839 26.2654 26.1743 26.5096 27.4442 27.5022 27.1727 27.091 27.1627 27.9379 28.7377 28.5549 29.0251 29.6078 28.9828 28.3773 27.844 27.5018 26.873 26.8699 27.4718 27.6297 27.5816 27.947 28.1288 27.8489 27.7071 27.9796 27.9435 27.8423 28.5132 29.5794 28.7287 27.3879 26.7578 26.6281 26.9477 28.383 29.2754 29.1539 31.0389 32.3894 33.7796 33.5274 30.0673 29.0556 28.347 26.9431 26.291 25.9658
26.6212 26.6671 26.7365 26.8817 27.0637 27.1222 26.9366 26.7588 26.8425 26.7789 26.7802 26.874 26.6592 26.4472 26.383 26.3676 26.3819 26.4062 26.3981 26.3777 26.8622 28.5325 29.0332 27.9572 27.6912 27.876 28.0903 28.9167 29.1285 28.8555 28.4044 28.8785 28.8512 27.6312 27.1449 26.7561 26.4846 26.572 26.4489 26.438 26.4814 26.5785 26.6837 26.7929 26.915 27.3947 28.2023 28.9086 29.4365 28.7499 28.0202 27.5521 26.7166 26.6017 27.4149 27.9872 28.8523 29.992 30.8338 31.1835 32.7673 31.1479 29.0764 27.7019 26.9337 26.5952 26.0858
